<?xml version="1.0" encoding="utf-8"?>
<COLLADA xmlns:xsd="http://www.w3.org/2001/XMLSchema" xmlns:xsi="http://www.w3.org/2001/XMLSchema-instance" version="1.4.1" xmlns="http://www.collada.org/2005/11/COLLADASchema">
  <asset>
    <contributor>
      <authoring_tool>VeryAnimation</authoring_tool>
      <comments>https://assetstore.unity.com/packages/tools/animation/very-animation-96826</comments>
    </contributor>
    <created>2025-04-16T15:26:43.2648687+03:00</created>
    <modified>2025-04-16T15:26:43.2648687+03:00</modified>
    <revision>1.0</revision>
    <title>RegularPirate3Human3</title>
    <unit meter="1" name="meter" />
  </asset>
  <library_animation_clips id="Animation_Clips_n24446" name="Animation_Clips_RegularPirate3Human3">
    <animation_clip id="Animation_Clips_n96112" start="0" end="1" name="RegularPirate3Human3Animation">
      <instance_animation url="#Animation_n96112" />
    </animation_clip>
  </library_animation_clips>
  <library_animations id="Animations_n24446" name="Animations_RegularPirate3Human3">
    <animation id="Animation_n96112" name="Animation_RegularPirate3Human3Animation">
      <animation id="Animation_n24448">
        <source id="InputSource_n24448">
          <float_array id="Input_Float_Array_n24448" count="61">
0
0.01666667
0.03333334
0.05
0.06666667
0.08333334
0.1
0.1166667
0.1333333
0.15
0.1666667
0.1833333
0.2
0.2166667
0.2333333
0.25
0.2666667
0.2833333
0.3
0.3166667
0.3333333
0.35
0.3666667
0.3833333
0.4
0.4166667
0.4333333
0.45
0.4666667
0.4833333
0.5
0.5166667
0.5333334
0.55
0.5666667
0.5833333
0.6
0.6166667
0.6333333
0.65
0.6666667
0.6833333
0.7
0.7166666
0.7333333
0.75
0.7666667
0.7833334
0.8
0.8166667
0.8333333
0.85
0.8666667
0.8833333
0.9
0.9166667
0.9333333
0.95
0.9666666
0.9833333
1</float_array>
          <technique_common>
            <accessor count="61" source="#Input_Float_Array_n24448">
              <param name="TIME" type="float" />
            </accessor>
          </technique_common>
        </source>
        <source id="OutputSource_n24448">
          <float_array id="Output_Float_Array_n24448" count="976">
1 0 0 0
0 1 0 0
0 0 1 0
0 0 0 1
1 0 0 0
0 1 0 0
0 0 1 0
0 0 0 1
1 0 0 0
0 1 0 0
0 0 1 0
0 0 0 1
1 0 0 0
0 1 0 0
0 0 1 0
0 0 0 1
1 0 0 0
0 1 0 0
0 0 1 0
0 0 0 1
1 0 0 0
0 1 0 0
0 0 1 0
0 0 0 1
1 0 0 0
0 1 0 0
0 0 1 0
0 0 0 1
1 0 0 0
0 1 0 0
0 0 1 0
0 0 0 1
1 0 0 0
0 1 0 0
0 0 1 0
0 0 0 1
1 0 0 0
0 1 0 0
0 0 1 0
0 0 0 1
1 0 0 0
0 1 0 0
0 0 1 0
0 0 0 1
1 0 0 0
0 1 0 0
0 0 1 0
0 0 0 1
1 0 0 0
0 1 0 0
0 0 1 0
0 0 0 1
1 0 0 0
0 1 0 0
0 0 1 0
0 0 0 1
1 0 0 0
0 1 0 0
0 0 1 0
0 0 0 1
1 0 0 0
0 1 0 0
0 0 1 0
0 0 0 1
1 0 0 0
0 1 0 0
0 0 1 0
0 0 0 1
1 0 0 0
0 1 0 0
0 0 1 0
0 0 0 1
1 0 0 0
0 1 0 0
0 0 1 0
0 0 0 1
1 0 0 0
0 1 0 0
0 0 1 0
0 0 0 1
1 0 0 0
0 1 0 0
0 0 1 0
0 0 0 1
1 0 0 0
0 1 0 0
0 0 1 0
0 0 0 1
1 0 0 0
0 1 0 0
0 0 1 0
0 0 0 1
1 0 0 0
0 1 0 0
0 0 1 0
0 0 0 1
1 0 0 0
0 1 0 0
0 0 1 0
0 0 0 1
1 0 0 0
0 1 0 0
0 0 1 0
0 0 0 1
1 0 0 0
0 1 0 0
0 0 1 0
0 0 0 1
1 0 0 0
0 1 0 0
0 0 1 0
0 0 0 1
1 0 0 0
0 1 0 0
0 0 1 0
0 0 0 1
1 0 0 0
0 1 0 0
0 0 1 0
0 0 0 1
1 0 0 0
0 1 0 0
0 0 1 0
0 0 0 1
1 0 0 0
0 1 0 0
0 0 1 0
0 0 0 1
1 0 0 0
0 1 0 0
0 0 1 0
0 0 0 1
1 0 0 0
0 1 0 0
0 0 1 0
0 0 0 1
1 0 0 0
0 1 0 0
0 0 1 0
0 0 0 1
1 0 0 0
0 1 0 0
0 0 1 0
0 0 0 1
1 0 0 0
0 1 0 0
0 0 1 0
0 0 0 1
1 0 0 0
0 1 0 0
0 0 1 0
0 0 0 1
1 0 0 0
0 1 0 0
0 0 1 0
0 0 0 1
1 0 0 0
0 1 0 0
0 0 1 0
0 0 0 1
1 0 0 0
0 1 0 0
0 0 1 0
0 0 0 1
1 0 0 0
0 1 0 0
0 0 1 0
0 0 0 1
1 0 0 0
0 1 0 0
0 0 1 0
0 0 0 1
1 0 0 0
0 1 0 0
0 0 1 0
0 0 0 1
1 0 0 0
0 1 0 0
0 0 1 0
0 0 0 1
1 0 0 0
0 1 0 0
0 0 1 0
0 0 0 1
1 0 0 0
0 1 0 0
0 0 1 0
0 0 0 1
1 0 0 0
0 1 0 0
0 0 1 0
0 0 0 1
1 0 0 0
0 1 0 0
0 0 1 0
0 0 0 1
1 0 0 0
0 1 0 0
0 0 1 0
0 0 0 1
1 0 0 0
0 1 0 0
0 0 1 0
0 0 0 1
1 0 0 0
0 1 0 0
0 0 1 0
0 0 0 1
1 0 0 0
0 1 0 0
0 0 1 0
0 0 0 1
1 0 0 0
0 1 0 0
0 0 1 0
0 0 0 1
1 0 0 0
0 1 0 0
0 0 1 0
0 0 0 1
1 0 0 0
0 1 0 0
0 0 1 0
0 0 0 1
1 0 0 0
0 1 0 0
0 0 1 0
0 0 0 1
1 0 0 0
0 1 0 0
0 0 1 0
0 0 0 1
1 0 0 0
0 1 0 0
0 0 1 0
0 0 0 1
1 0 0 0
0 1 0 0
0 0 1 0
0 0 0 1
1 0 0 0
0 1 0 0
0 0 1 0
0 0 0 1</float_array>
          <technique_common>
            <accessor count="61" source="#Output_Float_Array_n24448" stride="16">
              <param name="TRANSFORM" type="float4x4" />
            </accessor>
          </technique_common>
        </source>
        <source id="InterpolationSource_n24448">
          <Name_array id="Interpolation_Name_Arrayn24448" count="61">
LINEAR
LINEAR
LINEAR
LINEAR
LINEAR
LINEAR
LINEAR
LINEAR
LINEAR
LINEAR
LINEAR
LINEAR
LINEAR
LINEAR
LINEAR
LINEAR
LINEAR
LINEAR
LINEAR
LINEAR
LINEAR
LINEAR
LINEAR
LINEAR
LINEAR
LINEAR
LINEAR
LINEAR
LINEAR
LINEAR
LINEAR
LINEAR
LINEAR
LINEAR
LINEAR
LINEAR
LINEAR
LINEAR
LINEAR
LINEAR
LINEAR
LINEAR
LINEAR
LINEAR
LINEAR
LINEAR
LINEAR
LINEAR
LINEAR
LINEAR
LINEAR
LINEAR
LINEAR
LINEAR
LINEAR
LINEAR
LINEAR
LINEAR
LINEAR
LINEAR
LINEAR</Name_array>
          <technique_common>
            <accessor count="61" source="#Interpolation_Name_Arrayn24448">
              <param name="INTERPOLATION" type="name" />
            </accessor>
          </technique_common>
        </source>
        <sampler id="Sampler_n24448">
          <input semantic="INPUT" source="#InputSource_n24448" />
          <input semantic="OUTPUT" source="#OutputSource_n24448" />
          <input semantic="INTERPOLATION" source="#InterpolationSource_n24448" />
        </sampler>
        <channel source="#Sampler_n24448" target="Joint_n24448/transform" />
      </animation>
      <animation id="Animation_n24544">
        <source id="InputSource_n24544">
          <float_array id="Input_Float_Array_n24544" count="61">
0
0.01666667
0.03333334
0.05
0.06666667
0.08333334
0.1
0.1166667
0.1333333
0.15
0.1666667
0.1833333
0.2
0.2166667
0.2333333
0.25
0.2666667
0.2833333
0.3
0.3166667
0.3333333
0.35
0.3666667
0.3833333
0.4
0.4166667
0.4333333
0.45
0.4666667
0.4833333
0.5
0.5166667
0.5333334
0.55
0.5666667
0.5833333
0.6
0.6166667
0.6333333
0.65
0.6666667
0.6833333
0.7
0.7166666
0.7333333
0.75
0.7666667
0.7833334
0.8
0.8166667
0.8333333
0.85
0.8666667
0.8833333
0.9
0.9166667
0.9333333
0.95
0.9666666
0.9833333
1</float_array>
          <technique_common>
            <accessor count="61" source="#Input_Float_Array_n24544">
              <param name="TIME" type="float" />
            </accessor>
          </technique_common>
        </source>
        <source id="OutputSource_n24544">
          <float_array id="Output_Float_Array_n24544" count="976">
0.01 0 0 0
0 0.01 0 0.02801593
0 0 0.01 0
0 0 0 1
0.01 0 0 0
0 0.01 0 0.02801593
0 0 0.01 0
0 0 0 1
0.01 0 0 0
0 0.01 0 0.02801593
0 0 0.01 0
0 0 0 1
0.01 0 0 0
0 0.01 0 0.02801593
0 0 0.01 0
0 0 0 1
0.01 0 0 0
0 0.01 0 0.02801593
0 0 0.01 0
0 0 0 1
0.01 0 0 0
0 0.01 0 0.02801593
0 0 0.01 0
0 0 0 1
0.01 0 0 0
0 0.01 0 0.02801593
0 0 0.01 0
0 0 0 1
0.01 0 0 0
0 0.01 0 0.02801593
0 0 0.01 0
0 0 0 1
0.01 0 0 0
0 0.01 0 0.02801593
0 0 0.01 0
0 0 0 1
0.01 0 0 0
0 0.01 0 0.02801593
0 0 0.01 0
0 0 0 1
0.01 0 0 0
0 0.01 0 0.02801593
0 0 0.01 0
0 0 0 1
0.01 0 0 0
0 0.01 0 0.02801593
0 0 0.01 0
0 0 0 1
0.01 0 0 0
0 0.01 0 0.02801593
0 0 0.01 0
0 0 0 1
0.01 0 0 0
0 0.01 0 0.02801593
0 0 0.01 0
0 0 0 1
0.01 0 0 0
0 0.01 0 0.02801593
0 0 0.01 0
0 0 0 1
0.01 0 0 0
0 0.01 0 0.02801593
0 0 0.01 0
0 0 0 1
0.01 0 0 0
0 0.01 0 0.02801593
0 0 0.01 0
0 0 0 1
0.01 0 0 0
0 0.01 0 0.02801593
0 0 0.01 0
0 0 0 1
0.01 0 0 0
0 0.01 0 0.02801593
0 0 0.01 0
0 0 0 1
0.01 0 0 0
0 0.01 0 0.02801593
0 0 0.01 0
0 0 0 1
0.01 0 0 0
0 0.01 0 0.02801593
0 0 0.01 0
0 0 0 1
0.01 0 0 0
0 0.01 0 0.02801593
0 0 0.01 0
0 0 0 1
0.01 0 0 0
0 0.01 0 0.02801593
0 0 0.01 0
0 0 0 1
0.01 0 0 0
0 0.01 0 0.02801593
0 0 0.01 0
0 0 0 1
0.01 0 0 0
0 0.01 0 0.02801593
0 0 0.01 0
0 0 0 1
0.01 0 0 0
0 0.01 0 0.02801593
0 0 0.01 0
0 0 0 1
0.01 0 0 0
0 0.01 0 0.02801593
0 0 0.01 0
0 0 0 1
0.01 0 0 0
0 0.01 0 0.02801593
0 0 0.01 0
0 0 0 1
0.01 0 0 0
0 0.01 0 0.02801593
0 0 0.01 0
0 0 0 1
0.01 0 0 0
0 0.01 0 0.02801593
0 0 0.01 0
0 0 0 1
0.01 0 0 0
0 0.01 0 0.02801593
0 0 0.01 0
0 0 0 1
0.01 0 0 0
0 0.01 0 0.02801593
0 0 0.01 0
0 0 0 1
0.01 0 0 0
0 0.01 0 0.02801593
0 0 0.01 0
0 0 0 1
0.01 0 0 0
0 0.01 0 0.02801593
0 0 0.01 0
0 0 0 1
0.01 0 0 0
0 0.01 0 0.02801593
0 0 0.01 0
0 0 0 1
0.01 0 0 0
0 0.01 0 0.02801593
0 0 0.01 0
0 0 0 1
0.01 0 0 0
0 0.01 0 0.02801593
0 0 0.01 0
0 0 0 1
0.01 0 0 0
0 0.01 0 0.02801593
0 0 0.01 0
0 0 0 1
0.01 0 0 0
0 0.01 0 0.02801593
0 0 0.01 0
0 0 0 1
0.01 0 0 0
0 0.01 0 0.02801593
0 0 0.01 0
0 0 0 1
0.01 0 0 0
0 0.01 0 0.02801593
0 0 0.01 0
0 0 0 1
0.01 0 0 0
0 0.01 0 0.02801593
0 0 0.01 0
0 0 0 1
0.01 0 0 0
0 0.01 0 0.02801593
0 0 0.01 0
0 0 0 1
0.01 0 0 0
0 0.01 0 0.02801593
0 0 0.01 0
0 0 0 1
0.01 0 0 0
0 0.01 0 0.02801593
0 0 0.01 0
0 0 0 1
0.01 0 0 0
0 0.01 0 0.02801593
0 0 0.01 0
0 0 0 1
0.01 0 0 0
0 0.01 0 0.02801593
0 0 0.01 0
0 0 0 1
0.01 0 0 0
0 0.01 0 0.02801593
0 0 0.01 0
0 0 0 1
0.01 0 0 0
0 0.01 0 0.02801593
0 0 0.01 0
0 0 0 1
0.01 0 0 0
0 0.01 0 0.02801593
0 0 0.01 0
0 0 0 1
0.01 0 0 0
0 0.01 0 0.02801593
0 0 0.01 0
0 0 0 1
0.01 0 0 0
0 0.01 0 0.02801593
0 0 0.01 0
0 0 0 1
0.01 0 0 0
0 0.01 0 0.02801593
0 0 0.01 0
0 0 0 1
0.01 0 0 0
0 0.01 0 0.02801593
0 0 0.01 0
0 0 0 1
0.01 0 0 0
0 0.01 0 0.02801593
0 0 0.01 0
0 0 0 1
0.01 0 0 0
0 0.01 0 0.02801593
0 0 0.01 0
0 0 0 1
0.01 0 0 0
0 0.01 0 0.02801593
0 0 0.01 0
0 0 0 1
0.01 0 0 0
0 0.01 0 0.02801593
0 0 0.01 0
0 0 0 1
0.01 0 0 0
0 0.01 0 0.02801593
0 0 0.01 0
0 0 0 1
0.01 0 0 0
0 0.01 0 0.02801593
0 0 0.01 0
0 0 0 1
0.01 0 0 0
0 0.01 0 0.02801593
0 0 0.01 0
0 0 0 1</float_array>
          <technique_common>
            <accessor count="61" source="#Output_Float_Array_n24544" stride="16">
              <param name="TRANSFORM" type="float4x4" />
            </accessor>
          </technique_common>
        </source>
        <source id="InterpolationSource_n24544">
          <Name_array id="Interpolation_Name_Arrayn24544" count="61">
LINEAR
LINEAR
LINEAR
LINEAR
LINEAR
LINEAR
LINEAR
LINEAR
LINEAR
LINEAR
LINEAR
LINEAR
LINEAR
LINEAR
LINEAR
LINEAR
LINEAR
LINEAR
LINEAR
LINEAR
LINEAR
LINEAR
LINEAR
LINEAR
LINEAR
LINEAR
LINEAR
LINEAR
LINEAR
LINEAR
LINEAR
LINEAR
LINEAR
LINEAR
LINEAR
LINEAR
LINEAR
LINEAR
LINEAR
LINEAR
LINEAR
LINEAR
LINEAR
LINEAR
LINEAR
LINEAR
LINEAR
LINEAR
LINEAR
LINEAR
LINEAR
LINEAR
LINEAR
LINEAR
LINEAR
LINEAR
LINEAR
LINEAR
LINEAR
LINEAR
LINEAR</Name_array>
          <technique_common>
            <accessor count="61" source="#Interpolation_Name_Arrayn24544">
              <param name="INTERPOLATION" type="name" />
            </accessor>
          </technique_common>
        </source>
        <sampler id="Sampler_n24544">
          <input semantic="INPUT" source="#InputSource_n24544" />
          <input semantic="OUTPUT" source="#OutputSource_n24544" />
          <input semantic="INTERPOLATION" source="#InterpolationSource_n24544" />
        </sampler>
        <channel source="#Sampler_n24544" target="Joint_n24544/transform" />
      </animation>
      <animation id="Animation_n24548">
        <source id="InputSource_n24548">
          <float_array id="Input_Float_Array_n24548" count="61">
0
0.01666667
0.03333334
0.05
0.06666667
0.08333334
0.1
0.1166667
0.1333333
0.15
0.1666667
0.1833333
0.2
0.2166667
0.2333333
0.25
0.2666667
0.2833333
0.3
0.3166667
0.3333333
0.35
0.3666667
0.3833333
0.4
0.4166667
0.4333333
0.45
0.4666667
0.4833333
0.5
0.5166667
0.5333334
0.55
0.5666667
0.5833333
0.6
0.6166667
0.6333333
0.65
0.6666667
0.6833333
0.7
0.7166666
0.7333333
0.75
0.7666667
0.7833334
0.8
0.8166667
0.8333333
0.85
0.8666667
0.8833333
0.9
0.9166667
0.9333333
0.95
0.9666666
0.9833333
1</float_array>
          <technique_common>
            <accessor count="61" source="#Input_Float_Array_n24548">
              <param name="TIME" type="float" />
            </accessor>
          </technique_common>
        </source>
        <source id="OutputSource_n24548">
          <float_array id="Output_Float_Array_n24548" count="976">
-1.549721E-06 6.258488E-07 1 -44.47186
0.9887754 0.1494104 1.460314E-06 57.06193
-0.1494104 0.9887754 -8.344651E-07 -64.83019
0 0 0 1
1.788139E-06 1.358986E-05 1 -44.38933
0.9888739 0.1487569 -3.904104E-06 57.29354
-0.1487569 0.9888738 -1.323223E-05 -64.54443
0 0 0 1
1.072884E-05 4.771352E-05 1 -44.15688
0.9891428 0.1469579 -1.764297E-05 57.94603
-0.1469578 0.9891428 -4.553795E-05 -63.73859
0 0 0 1
2.253055E-05 9.647011E-05 1 -43.79712
0.989541 0.1442511 -3.615022E-05 58.95662
-0.1442511 0.989541 -9.226799E-05 -62.48764
0 0 0 1
3.373623E-05 0.0001520813 1 -43.33453
0.9900273 0.1408757 -5.483627E-05 60.26031
-0.1408757 0.9900273 -0.000145793 -60.86583
0 0 0 1
4.148484E-05 0.0002060831 1 -42.79647
0.9905611 0.1370731 -6.943942E-05 61.78864
-0.1370732 0.9905611 -0.0001986027 -58.94908
0 0 0 1
4.571677E-05 0.0002506078 1 -42.20069
0.991104 0.1330903 -7.867813E-05 63.48468
-0.1330903 0.991104 -0.0002422333 -56.81115
0 0 0 1
4.422664E-05 0.0002803206 1 -41.56974
0.9916216 0.1291763 -8.007884E-05 65.28366
-0.1291762 0.9916216 -0.000272274 -54.52991
0 0 0 1
3.802776E-05 0.0002915859 0.9999998 -40.92613
0.9920827 0.1255853 -7.417798E-05 67.11941
-0.1255853 0.9920827 -0.0002844334 -52.18642
0 0 0 1
2.825261E-05 0.0002824068 1 -40.2924
0.9924597 0.1225724 -6.267428E-05 68.92486
-0.1225725 0.9924597 -0.000276804 -49.86544
0 0 0 1
1.633167E-05 0.0002547801 1 -39.69113
0.9927264 0.1203918 -4.693866E-05 70.63234
-0.1203919 0.9927264 -0.0002510548 -47.65546
0 0 0 1
4.708767E-06 0.000212878 1 -39.14492
0.9928589 0.1192954 -3.007055E-05 72.17406
-0.1192954 0.9928589 -0.0002107621 -45.6484
0 0 0 1
-4.410744E-06 0.0001622737 1 -38.67648
0.9928308 0.1195299 -1.499057E-05 73.48245
-0.1195299 0.9928308 -0.0001616478 -43.93887
0 0 0 1
-1.060963E-05 0.0001118779 1 -38.3086
0.9926113 0.1213371 -3.010035E-06 74.49005
-0.1213372 0.9926113 -0.0001122952 -42.62315
0 0 0 1
-1.28746E-05 6.937981E-05 1 -38.06417
0.9921623 0.1249567 3.993512E-06 75.12962
-0.1249568 0.9921623 -7.057191E-05 -41.79771
0 0 0 1
-1.096725E-05 4.339218E-05 1 -37.96622
0.9914321 0.1306236 5.066395E-06 75.33357
-0.1306238 0.9914321 -4.458427E-05 -41.55754
0 0 0 1
-1.001358E-05 2.834201E-05 1 -37.96304
0.9901077 0.1403097 5.90086E-06 76.2587
-0.1403097 0.9901077 -2.944469E-05 -39.94258
0 0 0 1
-1.239777E-05 1.353026E-05 1 -37.98588
0.9879379 0.1548519 1.007319E-05 78.65097
-0.154852 0.9879379 -1.5378E-05 -35.36098
0 0 0 1
-1.370907E-05 -2.413988E-06 1 -38.03206
0.98496 0.172783 1.391768E-05 81.72278
-0.172783 0.98496 0 -28.43908
0 0 0 1
-1.0252E-05 -2.163649E-05 1 -38.09922
0.9812714 0.1926298 1.424551E-05 84.41428
-0.1926298 0.9812714 1.931191E-05 -21.48667
0 0 0 1
-9.536743E-07 -4.61638E-05 0.9999999 -38.18483
0.9770694 0.212921 1.072884E-05 86.98817
-0.2129211 0.9770694 4.488229E-05 -14.31251
0 0 0 1
-2.384186E-07 -1.549721E-05 0.9999999 -38.28477
0.979015 0.2037878 3.33786E-06 89.09241
-0.2037878 0.979015 1.513958E-05 -7.267512
0 0 0 1
-1.907349E-06 5.465746E-05 1 -38.39378
0.9856335 0.1688984 -7.361174E-06 90.49139
-0.1688984 0.9856335 -5.412102E-05 -1.301449
0 0 0 1
9.059907E-06 6.499887E-05 1 -38.50864
0.9875256 0.1574593 -1.92523E-05 91.26609
-0.1574594 0.9875256 -6.28233E-05 1.883997
0 0 0 1
0.01504892 -0.07415944 0.997133 -38.83826
0.9850379 0.1723255 -0.002050161 91.4358
-0.1716794 0.9822446 0.07564306 2.669132
0 0 0 1
0.05655199 -0.2716618 0.96073 -39.43307
0.9827702 0.1847474 -0.005609185 91.03725
-0.1759687 0.9444937 0.2774287 2.659395
0 0 0 1
0.1140979 -0.5366145 0.836078 -39.96833
0.9805707 0.1960022 -0.008017689 90.19733
-0.1595708 0.8207484 0.5485519 2.07182
0 0 0 1
0.1683836 -0.7781457 0.6050921 -40.18916
0.9785914 0.2056634 -0.007837892 89.04818
-0.1183463 0.5934577 0.7961169 1.289919
0 0 0 1
0.2025056 -0.9224079 0.3288696 -40.11818
0.9771299 0.2125734 -0.005457699 87.7408
-0.06487474 0.3224536 0.9443595 0.7167491
0 0 0 1
0.2156351 -0.9713039 0.1003499 -39.94808
0.9762822 0.2164877 -0.002445191 86.45036
-0.01934948 0.09849706 0.9949492 0.5055044
0 0 0 1
0.2181694 -0.9757175 -0.01942559 -39.77689
0.9759015 0.2182113 -3.765058E-05 85.37086
0.004275618 -0.01894924 0.9998113 0.5682969
0 0 0 1
0.2152182 -0.9556764 -0.2009073 -42.75324
0.9756373 0.2193841 0.001566499 84.32725
0.04257879 -0.1963498 0.979609 -0.4177697
0 0 0 1
0.1841577 -0.8063712 -0.562007 -50.34941
0.9753725 0.220542 0.003173798 83.04697
0.1213869 -0.5487506 0.8271264 -2.974085
0 0 0 1
0.1062275 -0.449117 -0.8871357 -60.05121
0.975266 0.22098 0.004908144 81.6069
0.193835 -0.8657146 0.4614826 -6.337211
0 0 0 1
0.01755977 -0.0506081 -0.9985644 -69.15377
0.9753434 0.2206123 0.005970716 80.17865
0.2199935 -0.9740478 0.05323404 -9.892658
0 0 0 1
-0.03386903 0.1761534 -0.98378 -74.80958
0.9754519 0.2201357 0.005834788 79.0246
0.217593 -0.9594324 -0.1792849 -12.73817
0 0 0 1
-0.05501819 0.2649997 -0.9626777 -77.43957
0.9755074 0.2199143 0.004785091 78.08877
0.2129747 -0.9388359 -0.2706085 -14.85869
0 0 0 1
-0.06915069 0.3205207 -0.9447142 -79.38931
0.9755099 0.2199321 0.003213317 77.05946
0.2088029 -0.9213557 -0.3278796 -16.82753
0 0 0 1
-0.077505 0.3481254 -0.9342388 -80.67691
0.9754617 0.2201668 0.001115829 75.97328
0.2060769 -0.9112275 -0.3566471 -18.73122
0 0 0 1
-0.08081032 0.3507594 -0.9329726 -81.30552
0.9753706 0.2205675 -0.001558185 74.85654
0.2052369 -0.9101198 -0.3599446 -20.60121
0 0 0 1
-0.07930636 0.3290242 -0.9409854 -81.28909
0.9752505 0.2210486 -0.004902422 73.7138
0.2063906 -0.9180853 -0.3384118 -22.42095
0 0 0 1
-0.07277513 0.2813214 -0.9568503 -80.63277
0.9751257 0.2214687 -0.009051413 72.55058
0.2093661 -0.9337078 -0.2904412 -24.18219
0 0 0 1
-0.06056095 0.2040006 -0.977096 -79.33002
0.9750353 0.2215986 -0.01416728 71.37383
0.213633 -0.9535608 -0.212328 -25.89179
0 0 0 1
-0.04163479 0.09180483 -0.9949062 -77.36248
0.9750456 0.2210647 -0.02040496 70.19218
0.2180655 -0.9709285 -0.09871792 -27.584
0 0 0 1
-0.0148294 -0.06068921 -0.9980466 -74.70866
0.9752635 0.2192877 -0.02782524 69.01688
0.2205481 -0.973771 0.05593598 -29.33978
0 0 0 1
0.02050435 -0.2553149 -0.9666405 -71.3727
0.9758416 0.215458 -0.03620845 67.86195
0.2175151 -0.9425457 0.2535646 -31.30937
0 0 0 1
0.06312037 -0.4829024 -0.8733963 -67.44759
0.9769628 0.2086622 -0.04476458 66.7435
0.2038617 -0.8504502 0.4849485 -33.71803
0 0 0 1
0.1080076 -0.7139252 -0.6918419 -63.20346
0.9787543 0.1983608 -0.05189326 65.67574
0.1742823 -0.6715384 0.7201818 -36.80627
0 0 0 1
0.1458533 -0.8974786 -0.4162441 -59.11689
0.9811383 0.1851768 -0.05547222 64.66396
0.1268639 -0.4003022 0.9075592 -40.6627
0 0 0 1
0.1666756 -0.9827255 -0.08043638 -55.70603
0.9837416 0.1712701 -0.0540277 63.7
0.06687074 -0.07012351 0.9952945 -45.04317
0 0 0 1
0.1663378 -0.9532495 0.2522839 -53.22528
0.9860535 0.1593717 -0.04795021 62.76908
0.005501583 0.2567414 0.9664644 -49.42019
0 0 0 1
0.1489577 -0.8365202 0.5273005 -51.54411
0.9877325 0.151143 -0.03924939 61.86429
-0.0468649 0.5266783 0.8487719 -53.29465
0 0 0 1
0.1226888 -0.6786599 0.7241327 -50.33717
0.988736 0.1466078 -0.03011882 60.99257
-0.0857231 0.7196714 0.6890026 -56.43655
0 0 0 1
0.09459637 -0.5172205 0.8506082 -49.32486
0.9892127 0.1448325 -0.02194384 60.16789
-0.1118459 0.8435083 0.5253418 -58.86522
0 0 0 1
0.06880009 -0.3727746 0.925368 -48.36166
0.9893516 0.1447455 -0.01524815 59.40843
-0.1282589 0.9165634 0.3787633 -60.70708
0 0 0 1
0.04702389 -0.2529725 0.9663301 -47.41191
0.9893044 0.1455197 -0.01004681 58.73343
-0.1380786 0.956467 0.2571095 -62.09558
0 0 0 1
0.02965719 -0.1586599 0.9868879 -46.50458
0.9891745 0.146615 -0.006155014 58.15709
-0.1437162 0.9763868 0.1612904 -63.13508
0 0 0 1
0.01653099 -0.0880665 0.9959776 -45.69577
0.9890256 0.1477069 -0.003355057 57.69159
-0.1468173 0.9851028 0.08954168 -63.89532
0 0 0 1
0.007341266 -0.03899452 0.9992124 -45.04864
0.9888952 0.1486067 -0.001465976 57.3476
-0.1484324 0.9881272 0.03965253 -64.41849
0 0 0 1
0.001851499 -0.009823412 0.9999501 -44.62334
0.9888071 0.1491995 -0.0003651977 57.13474
-0.1491885 0.9887584 0.009989679 -64.72723
0 0 0 1
-1.549721E-06 6.258488E-07 1 -44.47186
0.9887754 0.1494104 1.460314E-06 57.06193
-0.1494104 0.9887754 -8.344651E-07 -64.83019
0 0 0 1</float_array>
          <technique_common>
            <accessor count="61" source="#Output_Float_Array_n24548" stride="16">
              <param name="TRANSFORM" type="float4x4" />
            </accessor>
          </technique_common>
        </source>
        <source id="InterpolationSource_n24548">
          <Name_array id="Interpolation_Name_Arrayn24548" count="61">
LINEAR
LINEAR
LINEAR
LINEAR
LINEAR
LINEAR
LINEAR
LINEAR
LINEAR
LINEAR
LINEAR
LINEAR
LINEAR
LINEAR
LINEAR
LINEAR
LINEAR
LINEAR
LINEAR
LINEAR
LINEAR
LINEAR
LINEAR
LINEAR
LINEAR
LINEAR
LINEAR
LINEAR
LINEAR
LINEAR
LINEAR
LINEAR
LINEAR
LINEAR
LINEAR
LINEAR
LINEAR
LINEAR
LINEAR
LINEAR
LINEAR
LINEAR
LINEAR
LINEAR
LINEAR
LINEAR
LINEAR
LINEAR
LINEAR
LINEAR
LINEAR
LINEAR
LINEAR
LINEAR
LINEAR
LINEAR
LINEAR
LINEAR
LINEAR
LINEAR
LINEAR</Name_array>
          <technique_common>
            <accessor count="61" source="#Interpolation_Name_Arrayn24548">
              <param name="INTERPOLATION" type="name" />
            </accessor>
          </technique_common>
        </source>
        <sampler id="Sampler_n24548">
          <input semantic="INPUT" source="#InputSource_n24548" />
          <input semantic="OUTPUT" source="#OutputSource_n24548" />
          <input semantic="INTERPOLATION" source="#InterpolationSource_n24548" />
        </sampler>
        <channel source="#Sampler_n24548" target="Joint_n24548/transform" />
      </animation>
      <animation id="Animation_n24752">
        <source id="InputSource_n24752">
          <float_array id="Input_Float_Array_n24752" count="61">
0
0.01666667
0.03333334
0.05
0.06666667
0.08333334
0.1
0.1166667
0.1333333
0.15
0.1666667
0.1833333
0.2
0.2166667
0.2333333
0.25
0.2666667
0.2833333
0.3
0.3166667
0.3333333
0.35
0.3666667
0.3833333
0.4
0.4166667
0.4333333
0.45
0.4666667
0.4833333
0.5
0.5166667
0.5333334
0.55
0.5666667
0.5833333
0.6
0.6166667
0.6333333
0.65
0.6666667
0.6833333
0.7
0.7166666
0.7333333
0.75
0.7666667
0.7833334
0.8
0.8166667
0.8333333
0.85
0.8666667
0.8833333
0.9
0.9166667
0.9333333
0.95
0.9666666
0.9833333
1</float_array>
          <technique_common>
            <accessor count="61" source="#Input_Float_Array_n24752">
              <param name="TIME" type="float" />
            </accessor>
          </technique_common>
        </source>
        <source id="OutputSource_n24752">
          <float_array id="Output_Float_Array_n24752" count="976">
0.9801282 0.1983648 6.350353E-08 10.39327
0.1983648 -0.9801285 -7.169989E-08 0
4.801885E-08 8.287196E-08 -1 0
0 0 0 1
0.9798914 0.1995318 6.344052E-08 10.39327
0.1995317 -0.9798917 -7.156785E-08 0
4.788475E-08 8.27871E-08 -1 0
0 0 0 1
0.9792055 0.2028708 6.325924E-08 10.39327
0.2028707 -0.9792057 -7.119023E-08 0
4.750137E-08 8.254332E-08 -1 0
0 0 0 1
0.9780999 0.2081358 6.297054E-08 10.39327
0.2081357 -0.9781004 -7.059555E-08 0
4.689801E-08 8.215594E-08 -1 0
0 0 0 1
0.9765966 0.2150793 6.258438E-08 10.39327
0.2150792 -0.9765968 -6.981263E-08 0
4.610444E-08 8.163938E-08 -1 0
0 0 0 1
0.9747146 0.2234533 6.211047E-08 10.39327
0.2234533 -0.9747146 -6.887042E-08 0
4.515066E-08 8.10078E-08 -1 0
0 0 0 1
0.9724745 0.2330093 6.155864E-08 10.39327
0.2330093 -0.9724746 -6.779804E-08 0
4.406663E-08 8.02756E-08 -1 0
0 0 0 1
0.9699013 0.2434986 6.093929E-08 10.39327
0.2434986 -0.9699013 -6.662431E-08 0
4.288215E-08 7.945761E-08 -1 0
0 0 0 1
0.9670268 0.2546745 6.026356E-08 10.39327
0.2546745 -0.9670271 -6.53777E-08 0
4.162645E-08 7.856958E-08 -1 0
0 0 0 1
0.9638925 0.2662916 5.954369E-08 10.39327
0.2662916 -0.9638928 -6.408624E-08 0
4.032808E-08 7.762822E-08 -1 0
0 0 0 1
0.9605501 0.2781068 5.879316E-08 10.39327
0.2781068 -0.9605504 -6.277739E-08 0
3.901494E-08 7.66516E-08 -1 0
0 0 0 1
0.9570631 0.2898798 5.802659E-08 10.39327
0.2898798 -0.9570633 -6.147786E-08 0
3.771391E-08 7.565891E-08 -1 0
0 0 0 1
0.9535059 0.3013744 5.725997E-08 10.39327
0.3013743 -0.9535061 -6.021359E-08 0
3.645088E-08 7.46707E-08 -1 0
0 0 0 1
0.9499647 0.3123572 5.651051E-08 10.39327
0.3123572 -0.949965 -5.900988E-08 0
3.525082E-08 7.370876E-08 -1 0
0 0 0 1
0.9465356 0.3225992 5.57965E-08 10.39327
0.3225992 -0.9465357 -5.789112E-08 0
3.413775E-08 7.279592E-08 -1 0
0 0 0 1
0.9433238 0.3318738 5.513722E-08 10.39327
0.3318738 -0.9433241 -5.688124E-08 0
3.313485E-08 7.195601E-08 -1 0
0 0 0 1
0.9404407 0.3399577 5.455262E-08 10.39327
0.3399577 -0.940441 -5.600349E-08 0
3.226468E-08 7.121353E-08 -1 0
0 0 0 1
0.9380018 0.3466304 5.406302E-08 10.39327
0.3466304 -0.9380019 -5.528072E-08 0
3.154923E-08 7.05933E-08 -1 0
0 0 0 1
0.9361234 0.3516715 5.368886E-08 10.39327
0.3516715 -0.9361235 -5.473575E-08 0
3.10104E-08 7.012027E-08 -1 0
0 0 0 1
0.9349193 0.3548605 5.345026E-08 10.39327
0.3548605 -0.9349196 -5.439149E-08 0
3.067029E-08 6.981902E-08 -1 0
0 0 0 1
0.934496 0.3559737 5.336663E-08 10.39327
0.3559737 -0.9344963 -5.42714E-08 0
3.055171E-08 6.971351E-08 -1 0
0 0 0 1
0.9482311 0.3175812 5.614815E-08 10.39327
0.3175812 -0.9482311 -5.843878E-08 0
3.468237E-08 7.324506E-08 -1 0
0 0 0 1
0.9695675 0.2448242 6.085997E-08 10.39327
0.2448242 -0.9695678 -6.647623E-08 0
4.273286E-08 7.935318E-08 -1 0
0 0 0 1
0.9788197 0.2047242 6.3158E-08 10.39327
0.2047242 -0.9788197 -7.098077E-08 0
4.728881E-08 8.240735E-08 -1 0
0 0 0 1
0.9789324 0.2041845 6.318751E-08 10.39327
0.2041845 -0.9789323 -7.104175E-08 0
4.735067E-08 8.244698E-08 -1 0
0 0 0 1
0.9790384 0.203676 6.32153E-08 10.39327
0.203676 -0.9790384 -7.109921E-08 0
4.7409E-08 8.248429E-08 -1 0
0 0 0 1
0.9791375 0.2031982 6.324137E-08 10.39327
0.2031982 -0.9791377 -7.11532E-08 0
4.74638E-08 8.251931E-08 -1 0
0 0 0 1
0.9792306 0.2027494 6.326584E-08 10.39327
0.2027494 -0.9792309 -7.120396E-08 0
4.751529E-08 8.255222E-08 -1 0
0 0 0 1
0.9793176 0.2023291 6.328874E-08 10.39327
0.2023291 -0.9793177 -7.125147E-08 0
4.756352E-08 8.258296E-08 -1 0
0 0 0 1
0.9793987 0.2019363 6.33101E-08 10.39327
0.2019363 -0.9793985 -7.129587E-08 0
4.760861E-08 8.261168E-08 -1 0
0 0 0 1
0.9794741 0.2015702 6.333E-08 10.39327
0.2015702 -0.9794743 -7.133725E-08 0
4.765062E-08 8.263843E-08 -1 0
0 0 0 1
0.979544 0.2012302 6.334847E-08 10.39327
0.2012302 -0.979544 -7.137571E-08 0
4.768967E-08 8.266328E-08 -1 0
0 0 0 1
0.9796088 0.2009143 6.336562E-08 10.39327
0.2009143 -0.9796089 -7.141143E-08 0
4.772593E-08 8.268632E-08 -1 0
0 0 0 1
0.9796686 0.2006226 6.338142E-08 10.39327
0.2006226 -0.9796686 -7.144442E-08 0
4.775942E-08 8.27076E-08 -1 0
0 0 0 1
0.9797236 0.2003537 6.339601E-08 10.39327
0.2003537 -0.9797237 -7.147487E-08 0
4.779031E-08 8.272723E-08 -1 0
0 0 0 1
0.9797741 0.2001068 6.34094E-08 10.39327
0.2001067 -0.9797744 -7.150279E-08 0
4.781869E-08 8.274523E-08 -1 0
0 0 0 1
0.9798203 0.1998807 6.342162E-08 10.39327
0.1998807 -0.9798203 -7.152835E-08 0
4.784465E-08 8.276169E-08 -1 0
0 0 0 1
0.9798622 0.1996752 6.343274E-08 10.39327
0.1996752 -0.979862 -7.15516E-08 0
4.786826E-08 8.277664E-08 -1 0
0 0 0 1
0.9799001 0.1994888 6.344283E-08 10.39327
0.1994888 -0.9799001 -7.157269E-08 0
4.788969E-08 8.279022E-08 -1 0
0 0 0 1
0.9799344 0.1993204 6.345194E-08 10.39327
0.1993203 -0.9799347 -7.159176E-08 0
4.790903E-08 8.28025E-08 -1 0
0 0 0 1
0.979965 0.1991699 6.346007E-08 10.39327
0.1991699 -0.9799652 -7.160878E-08 0
4.792633E-08 8.281344E-08 -1 0
0 0 0 1
0.9799923 0.1990352 6.346734E-08 10.39327
0.1990352 -0.9799924 -7.162402E-08 0
4.794181E-08 8.282322E-08 -1 0
0 0 0 1
0.9800164 0.1989163 6.347375E-08 10.39327
0.1989162 -0.9800167 -7.163747E-08 0
4.795546E-08 8.283187E-08 -1 0
0 0 0 1
0.9800376 0.198812 6.347938E-08 10.39327
0.198812 -0.9800377 -7.164926E-08 0
4.796745E-08 8.283944E-08 -1 0
0 0 0 1
0.9800561 0.1987211 6.348431E-08 10.39327
0.198721 -0.9800564 -7.165958E-08 0
4.797792E-08 8.284608E-08 -1 0
0 0 0 1
0.9800719 0.1986432 6.348849E-08 10.39327
0.1986432 -0.9800719 -7.166835E-08 0
4.798686E-08 8.28517E-08 -1 0
0 0 0 1
0.9800853 0.1985768 6.34921E-08 10.39327
0.1985767 -0.9800856 -7.167591E-08 0
4.79945E-08 8.285656E-08 -1 0
0 0 0 1
0.9800964 0.1985217 6.349507E-08 10.39327
0.1985217 -0.9800966 -7.168213E-08 0
4.800082E-08 8.286054E-08 -1 0
0 0 0 1
0.9801058 0.1984758 6.349754E-08 10.39327
0.1984758 -0.980106 -7.168731E-08 0
4.80061E-08 8.286387E-08 -1 0
0 0 0 1
0.9801131 0.1984395 6.34995E-08 10.39327
0.1984395 -0.9801134 -7.169143E-08 0
4.801027E-08 8.286653E-08 -1 0
0 0 0 1
0.9801189 0.1984109 6.350103E-08 10.39327
0.1984109 -0.980119 -7.169467E-08 0
4.801356E-08 8.28686E-08 -1 0
0 0 0 1
0.9801232 0.1983896 6.350219E-08 10.39327
0.1983896 -0.9801235 -7.169709E-08 0
4.801601E-08 8.287017E-08 -1 0
0 0 0 1
0.9801263 0.1983746 6.350301E-08 10.39327
0.1983745 -0.9801266 -7.169879E-08 0
4.801774E-08 8.287126E-08 -1 0
0 0 0 1
0.9801282 0.1983648 6.350353E-08 10.39327
0.1983648 -0.9801285 -7.169989E-08 0
4.801885E-08 8.287196E-08 -1 0
0 0 0 1
0.9801294 0.1983592 6.350384E-08 10.39327
0.1983591 -0.9801297 -7.170053E-08 0
4.801952E-08 8.287238E-08 -1 0
0 0 0 1
0.9801298 0.1983571 6.350393E-08 10.39327
0.1983571 -0.9801298 -7.170076E-08 0
4.801975E-08 8.287251E-08 -1 0
0 0 0 1
0.9801298 0.1983573 6.350392E-08 10.39327
0.1983573 -0.9801299 -7.170075E-08 0
4.801973E-08 8.28725E-08 -1 0
0 0 0 1
0.9801294 0.1983592 6.350384E-08 10.39327
0.1983591 -0.9801297 -7.170053E-08 0
4.801952E-08 8.287238E-08 -1 0
0 0 0 1
0.9801289 0.1983617 6.350371E-08 10.39327
0.1983617 -0.9801294 -7.170024E-08 0
4.801924E-08 8.287219E-08 -1 0
0 0 0 1
0.9801285 0.1983639 6.350358E-08 10.39327
0.1983639 -0.9801288 -7.170001E-08 0
4.801896E-08 8.287203E-08 -1 0
0 0 0 1
0.9801282 0.1983648 6.350353E-08 10.39327
0.1983648 -0.9801285 -7.169989E-08 0
4.801885E-08 8.287196E-08 -1 0
0 0 0 1</float_array>
          <technique_common>
            <accessor count="61" source="#Output_Float_Array_n24752" stride="16">
              <param name="TRANSFORM" type="float4x4" />
            </accessor>
          </technique_common>
        </source>
        <source id="InterpolationSource_n24752">
          <Name_array id="Interpolation_Name_Arrayn24752" count="61">
LINEAR
LINEAR
LINEAR
LINEAR
LINEAR
LINEAR
LINEAR
LINEAR
LINEAR
LINEAR
LINEAR
LINEAR
LINEAR
LINEAR
LINEAR
LINEAR
LINEAR
LINEAR
LINEAR
LINEAR
LINEAR
LINEAR
LINEAR
LINEAR
LINEAR
LINEAR
LINEAR
LINEAR
LINEAR
LINEAR
LINEAR
LINEAR
LINEAR
LINEAR
LINEAR
LINEAR
LINEAR
LINEAR
LINEAR
LINEAR
LINEAR
LINEAR
LINEAR
LINEAR
LINEAR
LINEAR
LINEAR
LINEAR
LINEAR
LINEAR
LINEAR
LINEAR
LINEAR
LINEAR
LINEAR
LINEAR
LINEAR
LINEAR
LINEAR
LINEAR
LINEAR</Name_array>
          <technique_common>
            <accessor count="61" source="#Interpolation_Name_Arrayn24752">
              <param name="INTERPOLATION" type="name" />
            </accessor>
          </technique_common>
        </source>
        <sampler id="Sampler_n24752">
          <input semantic="INPUT" source="#InputSource_n24752" />
          <input semantic="OUTPUT" source="#OutputSource_n24752" />
          <input semantic="INTERPOLATION" source="#InterpolationSource_n24752" />
        </sampler>
        <channel source="#Sampler_n24752" target="Joint_n24752/transform" />
      </animation>
      <animation id="Animation_n24764">
        <source id="InputSource_n24764">
          <float_array id="Input_Float_Array_n24764" count="61">
0
0.01666667
0.03333334
0.05
0.06666667
0.08333334
0.1
0.1166667
0.1333333
0.15
0.1666667
0.1833333
0.2
0.2166667
0.2333333
0.25
0.2666667
0.2833333
0.3
0.3166667
0.3333333
0.35
0.3666667
0.3833333
0.4
0.4166667
0.4333333
0.45
0.4666667
0.4833333
0.5
0.5166667
0.5333334
0.55
0.5666667
0.5833333
0.6
0.6166667
0.6333333
0.65
0.6666667
0.6833333
0.7
0.7166666
0.7333333
0.75
0.7666667
0.7833334
0.8
0.8166667
0.8333333
0.85
0.8666667
0.8833333
0.9
0.9166667
0.9333333
0.95
0.9666666
0.9833333
1</float_array>
          <technique_common>
            <accessor count="61" source="#Input_Float_Array_n24764">
              <param name="TIME" type="float" />
            </accessor>
          </technique_common>
        </source>
        <source id="OutputSource_n24764">
          <float_array id="Output_Float_Array_n24764" count="976">
0.9807909 0.195062 -2.853676E-08 18.15117
0.195062 -0.9807912 -1.328327E-08 -2.980232E-06
-3.057965E-08 7.461672E-09 -1 1.396984E-06
0 0 0 1
0.9815172 0.1913735 -0.0001075281 18.15117
0.1913735 -0.9815173 -8.97526E-05 -2.980232E-06
-0.0001227169 6.75157E-05 -1 1.396984E-06
0 0 0 1
0.9834868 0.1809796 -0.0004125797 18.15117
0.1809795 -0.9834867 -0.0003401765 -2.980232E-06
-0.0004673318 0.0002598906 -0.9999996 1.396984E-06
0 0 0 1
0.9863136 0.1648774 -0.0008939666 18.15117
0.1648767 -0.9863142 -0.0007211452 -2.980232E-06
-0.001000632 0.0005638811 -0.9999995 1.396984E-06
0 0 0 1
0.9895675 0.1440617 -0.001531404 18.15117
0.1440599 -0.9895687 -0.001201017 -2.980232E-06
-0.001688449 0.0009678735 -0.9999986 1.396984E-06
0 0 0 1
0.9928269 0.1195379 -0.002304124 18.15117
0.119534 -0.9928288 -0.001747874 -2.980232E-06
-0.002496536 0.001459916 -0.9999961 1.396984E-06
0 0 0 1
0.9957233 0.0923306 -0.003187438 18.15117
0.09232342 -0.9957263 -0.002330088 -2.980232E-06
-0.003388954 0.002025848 -0.9999923 1.396984E-06
0 0 0 1
0.997974 0.06348542 -0.004154391 18.15117
0.06347359 -0.997979 -0.002919407 -2.980232E-06
-0.004331335 0.002649799 -0.9999869 1.396984E-06
0 0 0 1
0.9994063 0.03406381 -0.005171796 18.15117
0.03404602 -0.9994144 -0.003489553 -2.980232E-06
-0.005287634 0.003311403 -0.9999808 1.396984E-06
0 0 0 1
0.9999676 0.005138464 -0.006202387 18.15117
0.005113594 -0.9999791 -0.00401891 -2.980232E-06
-0.006222906 0.003987064 -0.9999729 1.396984E-06
0 0 0 1
0.9997272 -0.02221665 -0.007204184 18.15117
-0.02224934 -0.9997426 -0.004490595 -2.980232E-06
-0.00710256 0.004649658 -0.9999642 1.396984E-06
0 0 0 1
0.9988648 -0.04693551 -0.008132021 18.15117
-0.04697623 -0.9988841 -0.004891741 -2.980232E-06
-0.00789335 0.005268199 -0.9999551 1.396984E-06
0 0 0 1
0.9976478 -0.0679626 -0.008937529 18.15117
-0.06801087 -0.9976712 -0.005213505 -2.980232E-06
-0.00856239 0.005809091 -0.9999467 1.396984E-06
0 0 0 1
0.996398 -0.08425742 -0.009572102 18.15117
-0.08431199 -0.9964248 -0.00545076 -2.980232E-06
-0.009078607 0.006238169 -0.9999398 1.396984E-06
0 0 0 1
0.9954473 -0.09478902 -0.009986741 18.15117
-0.09484789 -0.9954765 -0.005597825 -2.980232E-06
-0.009410946 0.006519561 -0.9999349 1.396984E-06
0 0 0 1
0.9950826 -0.09852912 -0.01013519 18.15117
-0.09858957 -0.9951124 -0.005649054 -2.980232E-06
-0.009529056 0.006620499 -0.999933 1.396984E-06
0 0 0 1
0.9961854 -0.08668059 -0.01005873 18.15117
-0.08674076 -0.9962146 -0.005707075 -2.980232E-06
-0.009525958 0.006557806 -0.9999331 1.396984E-06
0 0 0 1
0.9984194 -0.05533244 -0.009850193 18.15117
-0.05539176 -0.9984475 -0.005853118 -2.980232E-06
-0.009511034 0.006389486 -0.9999345 1.396984E-06
0 0 0 1
0.999896 -0.01081009 -0.009538754 18.15117
-0.01086803 -0.9999226 -0.006042756 -2.980232E-06
-0.009472693 0.006145795 -0.9999362 1.396984E-06
0 0 0 1
0.9991398 0.04044359 -0.009158411 18.15117
0.04038744 -0.9991649 -0.006234024 -2.980232E-06
-0.009402885 0.005858776 -0.9999391 1.396984E-06
0 0 0 1
0.99573 0.09189779 -0.008747637 18.15117
0.09184375 -0.9957529 -0.006390549 -2.980232E-06
-0.009297762 0.005559846 -0.9999413 1.396984E-06
0 0 0 1
0.9905265 0.1370679 -0.008349434 18.15117
0.1370161 -0.9905479 -0.00648587 -2.980232E-06
-0.009159512 0.005280419 -0.9999446 1.396984E-06
0 0 0 1
0.985473 0.1696431 -0.008007973 18.15117
0.1695937 -0.9854927 -0.006500904 -2.980232E-06
-0.00899463 0.005048364 -0.9999471 1.396984E-06
0 0 0 1
0.9829935 0.1834757 -0.007766021 18.15117
0.1834285 -0.9830121 -0.006423609 -2.980232E-06
-0.00881267 0.004889857 -0.9999492 1.396984E-06
0 0 0 1
0.9825603 0.1857896 -0.00757947 18.15117
0.1857444 -0.982578 -0.0062887 -2.980232E-06
-0.008615794 0.004771181 -0.9999517 1.396984E-06
0 0 0 1
0.9821603 0.1879005 -0.00737907 18.15117
0.1878576 -0.9821774 -0.006140076 -2.980232E-06
-0.008401275 0.004644325 -0.9999542 1.396984E-06
0 0 0 1
0.9817936 0.1898153 -0.007167258 18.15117
0.1897747 -0.9818095 -0.00597917 -2.980232E-06
-0.008171818 0.004510147 -0.9999565 1.396984E-06
0 0 0 1
0.9814597 0.1915425 -0.006943902 18.15117
0.1915043 -0.9814749 -0.005806603 -2.980232E-06
-0.007927472 0.00436916 -0.9999593 1.396984E-06
0 0 0 1
0.9811581 0.1930901 -0.006710375 18.15117
0.1930543 -0.9811724 -0.005622963 -2.980232E-06
-0.007669767 0.004221549 -0.9999622 1.396984E-06
0 0 0 1
0.9808879 0.1944661 -0.006467911 18.15117
0.1944328 -0.9809011 -0.005429965 -2.980232E-06
-0.007400321 0.004068613 -0.9999646 1.396984E-06
0 0 0 1
0.9806484 0.1956786 -0.00621711 18.15117
0.1956478 -0.9806603 -0.005228128 -2.980232E-06
-0.007119904 0.003910591 -0.9999672 1.396984E-06
0 0 0 1
0.9804385 0.1967356 -0.005959624 18.15117
0.1967073 -0.9804494 -0.005018654 -2.980232E-06
-0.006830459 0.00374818 -0.9999698 1.396984E-06
0 0 0 1
0.9802572 0.1976448 -0.005695647 18.15117
0.1976189 -0.9802672 -0.004802405 -2.980232E-06
-0.006532426 0.003582024 -0.9999725 1.396984E-06
0 0 0 1
0.9801032 0.1984143 -0.005426831 18.15117
0.1983908 -0.9801123 -0.004580391 -2.980232E-06
-0.006227719 0.003412622 -0.9999748 1.396984E-06
0 0 0 1
0.9799753 0.1990522 -0.005154064 18.15117
0.1990309 -0.979984 -0.00435393 -2.980232E-06
-0.005917555 0.003240926 -0.9999777 1.396984E-06
0 0 0 1
0.9798722 0.1995661 -0.004877933 18.15117
0.1995471 -0.9798796 -0.004123538 -2.980232E-06
-0.005602704 0.003067163 -0.9999799 1.396984E-06
0 0 0 1
0.9797925 0.1999638 -0.004599694 18.15117
0.199947 -0.9797988 -0.003890564 -2.980232E-06
-0.005284749 0.00289225 -0.9999819 1.396984E-06
0 0 0 1
0.9797346 0.2002535 -0.004320673 18.15117
0.2002385 -0.9797406 -0.003655798 -2.980232E-06
-0.004965223 0.002716546 -0.9999843 1.396984E-06
0 0 0 1
0.979697 0.200443 -0.004041381 18.15117
0.2004299 -0.9797026 -0.003420493 -2.980232E-06
-0.004644962 0.002541033 -0.9999865 1.396984E-06
0 0 0 1
0.9796783 0.2005398 -0.003762804 18.15117
0.2005285 -0.9796826 -0.003185204 -2.980232E-06
-0.004325114 0.002365926 -0.9999878 1.396984E-06
0 0 0 1
0.9796768 0.200552 -0.003486589 18.15117
0.2005422 -0.9796809 -0.002951309 -2.980232E-06
-0.004007634 0.002192121 -0.9999899 1.396984E-06
0 0 0 1
0.979691 0.2004874 -0.003212963 18.15117
0.2004791 -0.9796945 -0.002719451 -2.980232E-06
-0.003692936 0.00202009 -0.9999914 1.396984E-06
0 0 0 1
0.9797192 0.2003538 -0.00294324 18.15117
0.2003468 -0.9797219 -0.002490769 -2.980232E-06
-0.003382592 0.001850586 -0.9999926 1.396984E-06
0 0 0 1
0.9797598 0.2001588 -0.00267911 18.15117
0.2001531 -0.9797619 -0.002266443 -2.980232E-06
-0.003078539 0.001684338 -0.9999937 1.396984E-06
0 0 0 1
0.9798111 0.1999107 -0.002420435 18.15117
0.1999061 -0.9798132 -0.002047246 -2.980232E-06
-0.00278084 0.001522055 -0.9999952 1.396984E-06
0 0 0 1
0.9798716 0.199617 -0.002169342 18.15117
0.1996131 -0.9798735 -0.001834015 -2.980232E-06
-0.002491779 0.00136407 -0.9999964 1.396984E-06
0 0 0 1
0.9799396 0.1992856 -0.001926056 18.15117
0.1992826 -0.9799408 -0.001627741 -2.980232E-06
-0.002211806 0.001211258 -0.9999969 1.396984E-06
0 0 0 1
0.9800134 0.1989241 -0.001692352 18.15117
0.1989217 -0.9800146 -0.00142921 -2.980232E-06
-0.001942833 0.001064 -0.9999976 1.396984E-06
0 0 0 1
0.9800916 0.1985405 -0.001468782 18.15117
0.1985387 -0.9800925 -0.001240003 -2.980232E-06
-0.001685733 0.0009237063 -0.9999982 1.396984E-06
0 0 0 1
0.9801723 0.198143 -0.001256806 18.15117
0.1981417 -0.9801731 -0.001060482 -2.980232E-06
-0.001442014 0.0007904298 -0.9999989 1.396984E-06
0 0 0 1
0.9802542 0.1977388 -0.001057803 18.15117
0.1977379 -0.9802548 -0.0008917457 -2.980232E-06
-0.001213248 0.0006649697 -0.9999995 1.396984E-06
0 0 0 1
0.9803355 0.1973359 -0.0008716699 18.15117
0.1973352 -0.9803361 -0.0007347222 -2.980232E-06
-0.0009995159 0.0005482631 -0.9999996 1.396984E-06
0 0 0 1
0.9804149 0.1969423 -0.0007009383 18.15117
0.1969418 -0.9804152 -0.0005904429 -2.980232E-06
-0.0008034935 0.0004408349 -0.9999999 1.396984E-06
0 0 0 1
0.9804906 0.1965655 -0.00054556 18.15117
0.1965652 -0.9804909 -0.0004594573 -2.980232E-06
-0.0006252297 0.0003432555 -1 1.396984E-06
0 0 0 1
0.9805611 0.1962137 -0.00040766 18.15117
0.1962135 -0.9805614 -0.0003431216 -2.980232E-06
