<?xml version="1.0" encoding="utf-8"?>
<COLLADA xmlns:xsd="http://www.w3.org/2001/XMLSchema" xmlns:xsi="http://www.w3.org/2001/XMLSchema-instance" version="1.4.1" xmlns="http://www.collada.org/2005/11/COLLADASchema">
  <asset>
    <contributor>
      <authoring_tool>VeryAnimation</authoring_tool>
      <comments>https://assetstore.unity.com/packages/tools/animation/very-animation-96826</comments>
    </contributor>
    <created>2025-04-16T15:26:43.2648687+03:00</created>
    <modified>2025-04-16T15:26:43.2648687+03:00</modified>
    <revision>1.0</revision>
    <title>RegularPirate3Human3</title>
    <unit meter="1" name="meter" />
  </asset>
  <library_controllers id="Controllers_n24446" name="Controllers_RegularPirate3Human3">
    <controller id="Controller_n24514">
      <skin source="#Geometry_34644">
        <source id="Joints_n24514">
          <Name_array id="Joints_Name_Array_n24514" count="49">
Joint_n24544
Joint_n24548
Joint_n24752
Joint_n24764
Joint_n24784
Joint_n24908
Joint_n24912
Joint_n24920
Joint_n24916
Joint_n24788
Joint_n24792
Joint_n24796
Joint_n24800
Joint_n24836
Joint_n24840
Joint_n24844
Joint_n24820
Joint_n24824
Joint_n24828
Joint_n24832
Joint_n24804
Joint_n24808
Joint_n24812
Joint_n24816
Joint_n24848
Joint_n24852
Joint_n24856
Joint_n24860
Joint_n24896
Joint_n24900
Joint_n24904
Joint_n24880
Joint_n24884
Joint_n24888
Joint_n24892
Joint_n24864
Joint_n24868
Joint_n24872
Joint_n24876
Joint_n24960
Joint_n24964
Joint_n24968
Joint_n24972
Joint_n24976
Joint_n24940
Joint_n24944
Joint_n24948
Joint_n24952
Joint_n24956</Name_array>
          <technique_common>
            <accessor count="49" source="#Joints_Name_Array_n24514">
              <param type="name" />
            </accessor>
          </technique_common>
        </source>
        <source id="Weights_n24514">
          <float_array id="Weights_Float_Array_n24514" count="513">
0.9158913
0.08410871
0.9127094
0.08729059
0.8405051
0.1594949
0.7146729
0.285327
0.9665565
0.03344345
0.8771229
0.1228771
0.9556989
0.04430109
0.9209755
0.07902449
0.9084948
0.09150523
0.8189616
0.1810384
0.8682851
0.1317149
0.9168732
0.08312678
0.9613159
0.03868407
1
0.9952794
0.004720628
0.997422
0.00257796
0.9739757
0.02602434
0.9970771
0.002922893
0.9978565
0.002143502
0.9635385
0.03646153
0.9979941
0.002005935
0.963113
0.03688699
0.9948545
0.00514555
0.8363726
0.1636274
0.8345373
0.1654627
0.9956059
0.004394114
0.9969254
0.003074646
0.7718184
0.2281816
0.8023649
0.1976351
0.8203725
0.1796275
0.9830882
0.0169118
0.8000272
0.1999728
0.6990574
0.3009426
0.8455042
0.1544958
0.7850579
0.2149421
0.7395113
0.2604887
0.9872857
0.01271433
0.9623361
0.03766394
0.9735121
0.02648789
0.8255252
0.1744748
0.7043675
0.2956325
0.8281689
0.1718311
0.6930671
0.3069329
0.50507
0.49493
0.89138
0.10862
0.88486
0.11514
0.93908
0.06092
0.9515
0.0485
0.9610588
0.0389412
0.97972
0.02028
0.904902
0.09509804
0.9324
0.0676
0.97958
0.02042
0.6386253
0.3613747
0.541815
0.4581849
0.621
0.379
0.7174
0.2826
0.8087
0.1913
0.6892
0.3108
0.6191
0.3809
0.6450177
0.3549823
0.6829
0.3171
0.7474723
0.2525277
0.7154787
0.2845213
0.6561
0.3439
0.5505
0.4495
0.5996
0.4004
0.529
0.471
0.5618
0.4382
0.5766
0.4234
0.507
0.493
0.6138805
0.3861195
0.641327
0.358673
0.5892193
0.4107807
0.6484424
0.3515576
0.79888
0.20112
0.80254
0.19746
0.7614
0.2386
0.8264
0.1736
0.7127
0.2873
0.6609
0.3391
0.518
0.482
0.8076706
0.1923294
0.9264471
0.07355291
0.7051
0.2949
0.6933
0.3067
0.5649
0.4351
0.8382353
0.1617647
0.7294
0.2706
0.6725
0.3275
0.6763
0.3237
0.579
0.421
0.6745294
0.3254706
0.5227
0.4773
0.5668
0.4332
0.7902
0.2098
0.5278823
0.4721177
0.5387
0.4613
0.6031
0.3969
0.7364236
0.2635764
0.707
0.293
0.8841059
0.1158941
0.6475
0.3525
0.5672
0.4328
0.7757
0.2243
0.6930236
0.3069764
0.7120882
0.2879118
0.5560765
0.4439235
0.5183
0.4817
0.5289
0.4711
0.8036471
0.1963529
0.6508883
0.3491117
0.8405294
0.1594706
0.9951765
0.004823506
0.5351706
0.4648294
0.9956236
0.004376411
0.6826
0.3174
0.6655
0.3345
0.8420765
0.1579235
0.571753
0.428247
0.9505118
0.04948825
0.9028589
0.09714115
0.9454706
0.05452943
0.8831647
0.1168353
0.5332
0.4668
0.8684824
0.1315176
0.8884412
0.1115588
0.5506176
0.4493824
0.5831765
0.4168235
0.9653942
0.0346058
0.8354588
0.1645412
0.7297
0.2703
0.7244847
0.2755153
0.6655145
0.3344855
0.7668
0.2332
0.6572875
0.3427126
0.8486142
0.1513858
0.6031294
0.3968706
0.8077211
0.1922789
0.6694838
0.3305162
0.5320042
0.4679958
0.7796596
0.2203404
0.8964455
0.1035545
0.5274231
0.4725769
0.8264435
0.1735565
0.6512145
0.3487855
0.8282651
0.1717349
0.5428467
0.4571533
0.9792361
0.02076393
0.9942322
0.005767822
0.536
0.464
0.7626
0.2374
0.6702166
0.3297834
0.6876635
0.3123365
0.5361927
0.4638073
0.6902691
0.3097309
0.8337
0.1663
0.7892675
0.2107325
0.7215
0.2785
0.5594
0.4406
0.7721
0.2279
0.5851
0.4149
0.6687607
0.3312394
0.9048163
0.09518373
0.9365
0.0635
0.899
0.101
0.8473166
0.1526834
0.8244815
0.1755185
0.8709121
0.1290879
0.917748
0.08225203
0.612447
0.387553
0.5411765
0.4588235
0.745098
0.254902
0.7152162
0.2847838
0.5461745
0.4538255
0.7119294
0.2880706
0.9419286
0.05807137
0.7304557
0.2695443
0.6734556
0.3265444
0.6069416
0.3930584
0.6625459
0.3374541
0.9417
0.0583
0.913971
0.08602902
0.91774
0.08226
0.82424
0.17576
0.9065
0.0935
0.8330333
0.1669667
0.6183
0.3817
0.5522
0.4478
0.5688
0.4312
0.7365075
0.2634925
0.6245564
0.3754436
0.5028
0.4972
0.91454
0.08546
0.7352561
0.2647439
0.6810835
0.3189165
0.7092334
0.2907666
0.5085619
0.4914381
0.5610271
0.4389729
0.7555833
0.2444167
0.7464522
0.2535478
0.7565035
0.2434966
0.7133012
0.2866988
0.8927737
0.1072263
0.8920878
0.1079122
0.8518907
0.1481093
0.7965204
0.2034796
0.9426145
0.05738549
0.6345
0.3655
0.6347736
0.3652264
0.5973271
0.4026729
0.68128
0.31872
0.6041715
0.3958285
0.6316
0.3684
0.5581
0.4419
0.6107133
0.3892867
0.7588356
0.2411644
0.9201972
0.07980281
0.8504117
0.1495883
0.9930977
0.006902277
0.8880869
0.1119131
0.9564638
0.04353625
0.9728782
0.02712178
0.7554845
0.2445155
0.6768037
0.3231963
0.9670246
0.03297538
0.9837075
0.01629245
0.9789566
0.02104336
0.9781818
0.02181822
0.939492
0.06050795
0.940095
0.05990499
0.9132623
0.08673769
0.9563533
0.04364669
0.9649161
0.03508389
0.9437656
0.05623436
0.9746829
0.02531707
0.9254408
0.07455921
0.9698265
0.03017354
0.962559
0.03744102
0.9747312
0.02526879
0.9770513
0.02294874
0.9807865
0.0192135
0.9838597
0.01614028
0.9852961
0.01470393
0.988009
0.01199096
0.9831753
0.01682466
0.6990016
0.3009985
0.9025605
0.09743947
0.6552
0.3448
0.7486529
0.2513471
0.9109942
0.08900583
0.9309353
0.06906468
0.8598118
0.1401882
0.7962059
0.2037941
0.9520765
0.04792351
0.8695957
0.1304043
0.5204
0.4796</float_array>
          <technique_common>
            <accessor count="513" source="#Weights_Float_Array_n24514">
              <param type="float" />
            </accessor>
          </technique_common>
        </source>
        <source id="Inv_Bind_Mats_n24514">
          <float_array id="Inv_Bind_Mats_n24514" count="784">
1 0 0 0
0 1 0 -0.002979736
0 0 1 -0.06792909
0 0 0 1
0 0.988775 -0.1494119 -86.63679
5.960464E-08 0.1494119 0.988775 -13.16022
1 5.960464E-08 0 -4.166028E-13
0 0 0 1
0 0.9987644 0.04969549 -97.71242
0 0.04969549 -0.9987644 -6.348661
-1 0 0 7.185284E-13
0 0 0 1
-1.192093E-07 0.9892728 -0.14608 -114.8763
2.980232E-08 0.14608 0.9892728 -16.37388
1 2.980232E-08 -1.192093E-07 -8.148182E-13
0 0 0 1
-1.192093E-07 0.9971108 0.07596216 -133.1182
5.960464E-08 0.07596213 -0.9971108 -13.34882
-1 -5.960464E-08 -1.192093E-07 8.167357E-13
0 0 0 1
-1.192093E-07 0.9873026 0.1588506 -142.6913
5.960464E-08 0.1588506 -0.9873026 -25.33667
-1 -5.960464E-08 -1.192093E-07 1.216954E-12
0 0 0 1
1 1.12952E-14 -8.753904E-15 -1.248687E-12
-1.12952E-14 1 -3.303746E-13 -156.9142
8.753904E-15 3.303746E-13 1 0.4160291
0 0 0 1
1 1.12952E-14 -8.753904E-15 -1.245602E-12
-1.12952E-14 1 -3.303746E-13 -166.3618
8.753904E-15 3.303746E-13 1 -11.85619
0 0 0 1
1 1.12952E-14 -8.753904E-15 -1.244961E-12
-1.12952E-14 1 -3.303746E-13 -169.6811
8.753904E-15 3.303746E-13 1 -11.85619
0 0 0 1
0.8828521 -0.01298337 -0.4694715 -4.099821
0.01146336 0.9999157 -0.006095836 -139.2786
0.4695111 -2.328306E-10 0.8829266 -4.751788
0 0 0 1
0.9965419 -0.08250204 -0.009880536 -7.60878
0.08249799 0.9965909 -0.000817953 -140.1478
0.009914337 2.910383E-11 0.9999508 4.584726
0 0 0 1
0.9974322 -2.019502E-15 0.07161551 -52.40347
-4.696662E-16 1 3.474054E-14 -136.0971
-0.07161551 -3.468498E-14 0.9974322 9.029319
0 0 0 1
1 -2.863988E-15 -1.339207E-14 -79.9632
2.863988E-15 1 3.481135E-14 -136.0971
1.339207E-14 -3.481135E-14 1 3.349451
0 0 0 1
0.8312142 -0.182534 0.5251325 -45.36592
0.1543174 0.9831995 0.09749245 -145.6543
-0.5341058 0 0.8454177 43.6083
0 0 0 1
0.8479753 -0.4529146 0.2753296 -15.9325
0.4307764 0.8915539 0.1398691 -158.1281
-0.3088199 -7.450581E-09 0.9511206 23.13337
0 0 0 1
1 -2.943759E-14 -1.870726E-14 -93.57652
2.943759E-14 1 4.708493E-14 -131.1976
1.870726E-14 -4.708493E-14 1 -6.061194
0 0 0 1
0.991306 -0.00852626 0.1313002 -88.3215
0.00845244 0.9999636 0.00111954 -137.2539
-0.131305 5.820766E-11 0.9913419 12.53562
0 0 0 1
0.9730306 -0.2040724 0.1075439 -64.00852
0.2028372 0.9789558 0.02241852 -152.7375
-0.1098557 0 0.9939476 10.5108
0 0 0 1
0.9478223 -0.3142089 0.05390505 -50.36808
0.313702 0.9493539 0.01784102 -159.5963
-0.05678077 0 0.9983867 5.302598
0 0 0 1
1 -6.768776E-14 -2.789435E-15 -101.6893
6.768776E-14 1 4.305608E-14 -134.4996
2.789435E-15 -4.305608E-14 1 -0.4721623
0 0 0 1
0.9897603 -0.1129666 -0.0872532 -74.2421
0.1125302 0.9935987 -0.0099202 -145.2981
0.08781533 4.656613E-10 0.9961368 -1.291446
0 0 0 1
0.9867284 -0.1551294 -0.04797973 -72.2173
0.1549463 0.9878942 -0.007534273 -148.502
0.04856769 -4.656613E-10 0.9988199 2.422552
0 0 0 1
0.9241558 -0.3349501 -0.1836968 -46.32788
0.328523 0.9422358 -0.06530134 -159.6985
0.1949584 -3.72529E-09 0.9808115 -11.99693
0 0 0 1
1 -7.932236E-15 -1.479372E-14 -100.3932
7.932236E-15 1 4.020139E-14 -133.9502
1.479372E-14 -4.020139E-14 1 7.723768
0 0 0 1
0.8828521 0.01298337 0.4694715 4.099814
0.01146336 -0.9999157 0.006095836 139.2789
0.4695111 2.328306E-10 -0.8829266 4.751784
0 0 0 1
0.9965419 0.08250204 0.009880536 7.608779
0.08249799 -0.9965912 0.000817953 140.1475
0.009914337 -2.910383E-11 -0.9999511 -4.584723
0 0 0 1
0.9974322 4.725186E-15 -0.07161551 52.40351
1.166568E-15 -1 -4.973243E-14 136.097
-0.07161551 4.952119E-14 -0.9974323 -9.02932
0 0 0 1
1 -1.388456E-15 -9.769963E-15 79.9632
-1.388456E-15 -1 -4.897228E-14 136.097
-9.769963E-15 4.897228E-14 -1 -3.349451
0 0 0 1
0.8312142 0.182534 -0.5251325 45.36596
0.1543174 -0.9831997 -0.09749245 145.6539
-0.5341058 0 -0.8454179 -43.60827
0 0 0 1
0.8479753 0.4529146 -0.2753296 15.93239
0.4307764 -0.8915539 -0.1398691 158.1284
-0.3088199 7.450581E-09 -0.9511205 -23.13338
0 0 0 1
1 -2.676492E-14 -6.77236E-15 93.5765
-2.676492E-14 -1 -3.16528E-14 131.198
-6.77236E-15 3.16528E-14 -1 6.061199
0 0 0 1
0.991306 0.00852626 -0.1313002 88.32155
0.00845244 -0.9999638 -0.00111954 137.254
-0.131305 -5.820766E-11 -0.9913421 -12.53563
0 0 0 1
0.9730306 0.2040724 -0.1075439 64.00852
0.2028373 -0.978956 -0.02241852 152.7376
-0.1098557 9.313226E-10 -0.9939477 -10.5108
0 0 0 1
0.9478223 0.3142089 -0.05390505 50.36813
0.313702 -0.9493539 -0.01784102 159.596
-0.05678077 0 -0.9983867 -5.302596
0 0 0 1
1 -3.343943E-14 -1.049161E-14 101.689
-3.343943E-14 -1 -1.699785E-14 134.5
-1.049161E-14 1.699785E-14 -1 0.4721621
0 0 0 1
0.9897603 0.1129666 0.0872532 74.2421
0.1125302 -0.9935988 0.0099202 145.2979
0.08781533 -4.656613E-10 -0.9961369 1.291444
0 0 0 1
0.9867284 0.1551294 0.04797973 72.21731
0.1549463 -0.9878943 0.007534273 148.5017
0.04856769 4.656613E-10 -0.9988199 -2.42255
0 0 0 1
0.9241558 0.3349501 0.1836968 46.32792
0.328523 -0.9422359 0.06530134 159.6984
0.1949584 3.72529E-09 -0.9808116 11.99693
0 0 0 1
1 -3.064237E-15 -9.076073E-15 100.393
-3.064237E-15 -1 -3.609369E-14 133.95
-9.076073E-15 3.609369E-14 -1 -7.723771
0 0 0 1
-0.03174126 -0.999496 -3.216592E-15 82.80276
-0.999496 0.03174132 1.255696E-14 -12.53127
-1.244854E-14 3.613545E-15 -1 -1.978977
0 0 0 1
-0.0074296 -0.9990258 -0.04349959 43.03685
-0.1681938 0.04412949 -0.9847657 -5.735081
0.985726 -2.980232E-08 -0.1683578 10.67162
0 0 0 1
-1.192093E-07 -0.5199726 0.8541831 5.989161
0 0.854183 0.5199726 -2.877829
-1 0 -1.192093E-07 -11.44434
0 0 0 1
-1.192093E-07 0 1 -6.019184
-1.000525E-14 1 0 0.2949967
-1 -1.000525E-14 -1.192093E-07 -11.44434
0 0 0 1
1 9.486998E-15 9.635905E-15 11.44434
-9.486998E-15 1 5.374275E-14 0.2949967
-9.635905E-15 -5.374275E-14 1 -13.31494
0 0 0 1
-0.03174126 0.9994961 9.112462E-14 -82.80274
-0.9994961 -0.03174126 -3.430077E-15 12.53128
-5.359482E-16 -9.118757E-14 1 1.978981
0 0 0 1
-0.0074296 0.9990258 0.0434995 -43.03682
-0.1681937 -0.04412937 0.9847656 5.735091
0.985726 2.980232E-08 0.1683577 -10.67167
0 0 0 1
-1.192093E-07 0.5199726 -0.8541831 -5.989163
0 -0.8541832 -0.5199726 2.877825
-1 0 -1.192093E-07 11.4443
0 0 0 1
-1.192093E-07 0 -1 6.019179
2.321511E-14 -1 0 -0.2949963
-1 -2.321511E-14 -1.192093E-07 11.4443
0 0 0 1
1 3.247515E-15 -1.705502E-14 -11.4443
3.247515E-15 -1 2.452597E-13 -0.2949963
-1.705502E-14 -2.452597E-13 -1 13.31493
0 0 0 1</float_array>
          <technique_common>
            <accessor count="49" source="#Inv_Bind_Mats_n24514" stride="16">
              <param type="float4x4" />
            </accessor>
          </technique_common>
        </source>
        <joints>
          <input semantic="JOINT" source="#Joints_n24514" />
          <input semantic="INV_BIND_MATRIX" source="#Inv_Bind_Mats_n24514" />
        </joints>
        <vertex_weights count="5529">
          <input semantic="JOINT" source="#Joints_n24514" offset="0" set="0" />
          <input semantic="WEIGHT" source="#Weights_n24514" offset="1" set="0" />
          <vcount>
2
2
2
2
2
2
2
2
2
2
2
2
2
2
2
2
2
2
2
2
2
2
1
2
1
2
2
2
2
1
2
2
1
2
2
2
2
1
2
2
2
2
2
1
2
1
1
1
1
1
1
1
1
1
1
1
1
1
1
1
1
1
1
1
1
1
1
1
1
1
1
1
1
1
1
1
1
1
1
1
1
1
1
1
1
1
1
1
1
1
1
1
1
1
1
1
1
1
1
1
1
1
1
1
1
1
1
1
1
1
1
1
1
1
1
1
1
1
1
1
1
1
1
1
1
1
1
1
1
1
1
1
1
1
1
1
1
1
1
1
1
1
1
1
1
1
1
1
1
1
1
1
1
1
1
1
1
1
1
1
1
1
1
1
1
1
1
1
1
1
1
1
1
1
1
1
1
1
1
1
1
1
1
1
1
1
1
1
1
1
1
1
1
1
1
1
1
1
1
1
1
1
1
1
1
1
1
1
1
1
1
1
1
1
1
1
1
1
1
1
1
1
1
1
1
1
1
1
1
1
1
1
1
1
1
1
1
1
1
1
1
1
1
1
1
1
1
1
1
1
1
1
1
1
1
1
1
1
1
1
1
1
1
1
1
1
1
1
1
1
1
1
1
1
1
1
2
1
2
1
2
1
1
1
1
1
2
1
1
1
1
1
1
1
2
1
1
2
2
2
2
2
2
1
2
2
1
2
1
2
2
1
1
2
2
2
2
1
2
1
1
1
1
1
1
1
1
2
2
1
1
2
1
1
1
2
1
1
2
2
1
2
1
2
2
1
1
1
2
1
1
2
1
2
2
2
2
2
2
2
2
2
2
2
2
2
2
1
2
1
2
2
2
2
2
1
1
1
1
1
1
1
1
1
1
1
1
1
1
2
1
2
1
1
1
1
1
1
1
1
1
1
1
1
1
1
1
1
2
1
2
2
1
1
1
2
1
2
2
2
2
1
2
1
1
1
1
1
1
1
1
1
1
1
1
1
1
1
1
2
2
1
2
1
1
1
1
1
1
1
1
2
2
1
2
1
1
1
1
1
1
1
1
2
2
2
2
2
2
2
2
2
2
2
2
1
1
1
1
1
1
2
2
2
2
2
2
2
2
1
1
1
1
1
1
1
1
1
1
1
1
1
1
1
1
1
1
2
1
2
1
1
2
1
1
1
2
2
2
2
2
2
2
2
2
2
2
2
1
1
2
2
2
2
2
2
2
2
2
1
1
1
1
2
1
2
2
2
2
2
2
2
2
2
1
2
2
2
2
2
2
2
1
2
1
1
1
1
1
1
1
1
2
2
1
2
1
1
2
2
2
2
2
2
1
2
1
2
2
1
2
1
1
2
1
1
1
1
1
2
1
2
1
1
2
2
2
1
2
2
1
1
1
1
1
1
1
2
1
1
1
1
1
2
1
1
1
1
1
1
1
1
1
1
1
2
1
2
1
1
2
1
1
1
1
2
1
2
2
2
2
2
2
1
1
1
1
2
1
1
1
1
1
1
1
1
1
1
1
1
1
2
1
2
1
1
2
1
1
1
1
1
1
2
2
1
2
1
1
1
1
1
1
1
1
2
2
2
2
2
2
2
2
2
2
2
2
2
2
2
2
2
2
2
2
2
2
2
2
2
2
2
2
2
2
2
2
2
2
2
2
2
1
2
1
2
2
2
2
2
2
2
2
2
2
2
2
2
2
2
2
2
2
2
2
2
2
2
2
2
2
2
2
2
1
1
2
1
2
2
2
2
1
1
2
2
1
1
2
1
2
2
2
2
2
2
2
2
2
2
2
2
2
2
2
2
1
2
2
2
2
2
2
2
2
2
2
2
2
2
2
2
2
2
2
1
2
2
2
2
2
2
2
2
2
2
2
2
2
2
2
2
2
2
2
2
2
2
2
2
2
2
2
2
2
2
2
2
2
2
2
2
2
2
2
2
2
2
2
2
2
2
2
2
2
2
2
2
2
2
2
2
2
2
2
2
2
2
2
2
2
2
2
2
2
2
2
2
2
2
2
2
2
2
2
2
2
2
2
2
2
2
2
2
2
2
2
2
2
2
2
2
2
2
2
2
2
2
2
2
2
2
2
2
2
2
2
2
2
2
2
1
2
2
2
1
2
2
2
2
2
2
2
2
2
1
1
1
1
1
2
2
2
2
2
2
2
2
2
2
2
2
2
2
2
2
2
2
2
2
2
2
2
2
2
2
2
2
2
2
2
2
2
2
2
2
2
2
2
2
2
2
2
2
2
2
2
2
2
2
2
2
2
2
2
2
2
1
1
2
2
2
2
2
2
2
2
2
2
2
2
2
2
2
2
2
2
2
2
2
2
2
2
2
2
2
2
2
2
2
2
2
2
2
2
2
2
2
2
2
2
2
2
2
2
2
2
2
2
2
2
2
2
2
2
2
2
2
2
2
2
2
2
2
2
2
2
2
2
2
2
2
2
2
2
2
2
2
2
2
2
2
2
2
2
2
2
2
2
2
2
2
2
2
2
2
2
2
2
2
2
2
2
2
2
2
2
1
2
1
2
2
2
2
2
2
2
2
2
2
2
2
2
2
2
2
2
2
2
2
2
2
2
2
2
2
2
2
2
2
2
2
2
2
2
2
2
2
2
2
2
2
2
2
2
2
2
2
2
2
2
2
1
1
1
1
1
1
1
1
1
1
1
1
1
1
1
1
1
1
1
1
1
1
1
1
1
1
1
1
1
1
1
1
1
1
1
1
1
1
1
1
1
1
1
1
1
1
1
1
1
1
1
1
1
1
1
1
1
1
1
1
1
1
1
1
1
1
1
1
1
1
1
1
1
1
1
1
1
1
1
1
1
1
1
1
1
1
1
1
1
1
1
1
1
1
1
1
1
1
1
1
1
1
1
1
1
1
1
1
1
1
1
1
1
1
1
1
1
1
1
1
1
1
1
1
1
1
1
1
1
1
1
1
1
1
1
1
1
1
1
1
1
1
1
1
1
1
1
1
1
1
1
1
1
1
1
1
1
1
1
1
1
1
1
1
1
1
1
1
1
1
1
1
1
1
1
1
1
1
1
1
1
1
1
1
1
1
2
2
2
2
2
2
2
2
2
2
2
2
2
2
2
2
2
2
2
2
2
2
1
2
2
2
2
2
2
2
2
2
2
2
2
2
2
2
2
2
2
2
2
2
2
2
2
2
2
2
2
2
2
2
2
2
2
2
2
2
2
2
2
2
2
2
2
2
2
2
2
2
2
2
2
2
2
2
1
2
2
2
2
2
2
1
2
2
2
2
1
2
2
2
2
2
2
2
2
1
2
2
1
2
1
2
2
2
2
1
1
2
2
2
2
2
2
2
2
2
2
2
2
2
2
2
2
2
2
2
2
2
2
2
2
2
2
2
2
2
2
2
1
1
1
1
1
1
1
1
1
1
1
1
1
1
2
2
2
1
1
2
1
2
2
2
2
2
2
2
2
2
2
2
2
2
2
2
2
2
2
2
2
2
2
2
2
2
2
2
2
2
2
1
2
2
2
2
2
1
2
1
1
2
2
2
2
2
2
2
2
2
2
2
1
2
1
2
2
1
1
2
1
2
2
2
2
2
1
1
1
1
2
1
2
1
2
1
1
2
2
2
2
2
2
2
2
2
2
2
2
2
2
2
2
2
2
2
2
2
2
2
2
2
2
2
2
2
2
1
2
2
2
2
2
2
2
2
2
2
2
2
2
2
2
2
2
2
2
2
2
2
2
2
2
2
2
2
2
2
2
2
2
2
2
2
2
2
2
2
2
2
2
2
2
2
2
2
2
2
2
2
2
2
2
2
2
2
2
2
2
2
2
2
2
2
2
2
2
2
1
2
2
2
2
2
2
2
2
1
2
2
2
2
2
1
1
2
2
2
2
2
2
2
2
2
2
2
2
2
2
2
2
2
2
2
2
2
2
2
2
2
2
2
2
2
2
1
1
1
1
2
1
1
1
1
1
1
1
1
1
1
2
2
2
2
2
1
2
2
1
2
2
2
2
2
2
2
2
2
2
2
2
2
2
2
2
2
2
2
2
2
2
2
2
1
2
2
2
2
2
2
2
2
1
1
2
1
2
2
2
2
2
2
2
2
2
2
2
2
2
1
2
2
1
1
2
1
2
2
1
2
2
2
2
1
1
1
1
1
1
1
2
1
2
2
2
2
2
2
2
2
2
2
2
2
2
2
2
2
2
2
2
2
2
2
2
2
2
2
2
2
2
2
2
2
2
2
2
2
2
2
2
2
2
2
2
2
2
2
2
2
2
2
2
2
2
2
2
2
2
2
2
2
2
2
1
1
1
1
1
1
1
1
1
1
1
1
1
1
1
1
1
1
1
1
1
1
1
1
1
1
1
1
1
1
1
1
1
1
1
1
1
1
1
1
1
1
1
1
1
1
1
1
1
1
1
2
2
2
2
2
2
2
2
2
2
2
2
2
2
2
2
2
2
2
2
2
2
2
2
2
2
2
2
2
2
2
2
2
2
2
2
2
2
2
2
2
2
2
2
2
2
2
2
2
2
2
2
2
2
2
2
2
2
2
2
2
2
2
2
2
2
2
2
2
2
2
2
2
2
2
2
2
2
2
2
2
2
2
2
2
2
2
2
2
2
2
2
2
2
2
2
2
2
2
2
2
2
2
2
2
2
2
2
2
2
2
2
2
2
2
2
2
2
2
2
2
2
2
2
2
2
2
2
2
2
2
2
2
2
2
2
2
2
2
2
2
2
2
2
2
2
2
2
2
2
2
2
2
2
2
2
2
2
2
2
2
2
2
2
2
2
2
2
2
2
2
2
2
2
2
2
2
2
2
2
2
2
2
2
2
2
2
2
1
1
1
1
1
1
1
1
1
1
1
1
1
1
1
1
1
1
1
1
1
1
1
1
1
1
1
1
1
1
1
1
1
1
1
1
1
1
1
1
1
1
1
1
1
1
1
1
1
1
1
1
1
1
1
1
1
1
1
1
1
1
1
1
1
1
2
2
2
2
2
2
2
2
2
2
2
2
2
2
2
2
2
2
2
2
2
2
2
2
2
2
2
2
2
2
2
2
2
2
2
2
2
2
2
2
2
2
2
2
2
2
2
2
2
2
2
2
2
2
2
2
2
2
2
2
1
1
1
1
1
1
1
1
1
1
1
1
2
2
2
2
2
2
2
2
2
2
2
2
2
2
2
2
2
2
2
2
2
2
2
2
2
2
2
2
2
2
2
2
2
2
2
2
2
2
2
2
2
2
2
2
2
2
2
2
2
2
2
2
2
2
2
2
2
2
2
2
2
2
2
2
2
2
2
2
2
2
2
2
2
2
2
2
2
2
2
2
2
2
2
2
2
2
2
2
2
2
2
2
2
2
2
2
2
2
2
2
2
2
2
2
2
2
2
2
2
2
2
2
2
2
2
2
2
1
1
1
1
1
1
1
1
1
1
1
1
1
1
1
1
1
1
1
1
1
1
1
1
2
2
2
2
2
2
2
2
2
2
2
2
2
2
2
2
2
2
2
2
2
2
2
2
2
2
2
2
2
2
2
2
2
2
2
2
2
2
2
2
2
2
2
2
2
2
2
2
2
2
2
2
2
2
2
2
2
2
2
2
2
2
2
2
2
2
2
2
2
2
2
2
2
2
2
2
2
2
2
2
2
2
2
2
2
2
2
2
2
2
2
2
2
2
2
2
2
2
2
2
2
2
2
2
2
2
2
2
2
2
2
2
2
2
2
2
2
2
2
2
2
2
2
2
2
2
2
2
2
2
2
2
2
2
2
2
2
2
2
2
2
2
2
2
2
2
2
2
2
2
2
2
2
2
2
2
2
2
2
2
2
2
2
2
2
2
2
2
2
2
2
2
2
2
2
2
2
2
2
2
2
2
2
2
2
2
2
2
2
2
2
2
2
2
2
2
2
2
2
2
2
2
2
2
2
2
2
2
2
2
2
2
2
2
2
2
1
1
1
1
1
1
1
1
1
1
1
1
1
1
1
1
1
1
1
1
1
1
1
1
1
1
1
1
1
1
1
1
1
2
2
2
2
2
2
2
2
2
2
2
2
2
2
2
2
2
2
2
2
2
2
2
2
2
2
1
2
2
1
2
2
2
2
2
2
2
2
2
2
2
2
2
2
2
2
2
2
2
2
2
2
2
2
2
2
2
2
1
2
1
1
2
1
2
2
2
1
2
2
1
2
1
1
2
2
2
2
2
2
2
2
2
2
2
2
2
2
1
2
2
2
2
2
2
2
2
2
2
2
2
2
2
2
2
2
2
2
1
2
2
2
2
2
2
2
2
2
2
2
2
2
2
2
2
2
2
2
2
2
2
2
2
2
2
2
2
2
2
2
2
2
2
2
2
2
2
2
2
2
2
2
2
2
2
2
2
2
2
2
2
2
2
2
2
2
2
2
2
2
2
2
2
2
2
2
2
2
2
2
2
2
2
2
2
2
2
2
2
2
2
2
2
2
2
2
2
2
2
2
2
2
2
2
2
2
2
2
2
2
2
2
2
2
2
2
2
2
2
2
2
2
2
2
1
2
2
2
1
2
2
2
2
2
2
2
2
2
1
1
1
1
1
2
2
2
2
2
2
2
2
2
2
2
2
2
2
2
2
2
2
2
2
2
2
2
2
2
2
2
2
2
2
2
2
2
2
2
2
2
2
2
2
2
2
2
2
2
2
2
2
2
2
2
2
2
2
2
2
2
2
1
1
2
2
2
2
2
2
2
2
2
2
2
2
2
2
2
2
2
2
2
2
2
2
2
2
2
2
2
2
2
2
2
2
2
2
2
2
2
2
2
2
2
2
2
2
2
2
2
2
2
2
2
2
2
2
2
2
2
2
2
2
2
2
2
2
2
2
2
2
2
2
2
2
2
2
2
2
2
2
2
2
2
2
2
2
2
2
2
2
2
2
2
2
2
2
2
2
2
2
2
2
2
2
2
2
2
1
2
2
2
1
2
2
2
2
2
2
2
2
2
2
2
2
2
2
2
2
2
2
2
2
2
2
2
2
2
2
2
2
2
2
2
2
2
2
2
2
2
2
2
2
2
2
2
2
2
2
2
2
2
2
2
2
1
1
1
1
1
1
1
1
1
2
2
1
2
1
1
2
1
1
1
1
1
1
1
1
1
1
1
2
1
1
2
2
2
2
2
2
1
2
2
2
2
1
2
1
1
1
2
2
2
1
2
1
1
2
1
1
1
1
1
1
2
1
2
1
1
2
1
2
1
1
2
1
2
2
1
1
2
2
1
1
1
2
1
1
1
2
2
2
2
2
2
2
2
2
2
2
2
2
2
2
1
2
1
2
2
2
2
2
1
1
1
1
1
1
1
1
1
1
1
1
1
1
2
2
1
1
1
1
1
1
1
1
1
1
1
1
1
1
1
1
1
1
2
1
2
2
1
2
1
2
2
1
2
1
2
1
2
1
1
1
1
1
1
1
1
1
1
1
1
1
1
1
1
2
1
2
2
1
1
1
1
1
1
1
1
2
1
2
2
1
1
1
1
1
1
1
2
2
2
2
2
2
2
2
2
2
2
2
1
1
1
1
1
1
2
2
2
2
2
2
2
2
1
1
1
1
1
1
1
1
1
1
1
1
1
1
1
1
1
1
1
1
2
1
2
2
1
1
1
2
2
2
2
2
2
2
2
2
2
2
1
2
1
2
2
2
2
2
2
2
2
2
1
1
1
1
2
1
2
2
2
2
2
2
2
2
2
2
2
2
2
1
2
1
2
1
2
2
1
1
1
1
1
1
1
2
1
2
1
1
2
2
2
2
2
2
2
1
1
2
1
2
2
1
1
2
2
1
1
1
1
1
1
1
2
1
2
2
2
2
1
2
2
1
1
1
1
1
1
1
1
1
1
1
2
1
2
1
1
1
1
1
1
1
1
1
1
1
1
1
2
1
2
2
2
1
1
1
1
1
2
2
2
2
2
2
1
1
1
1
2
1
1
1
1
1
1
1
1
1
1
1
1
1
1
1
2
1
2
2
1
1
1
1
1
1
2
1
2
1
1
2
1
1
1
1
1
1
2
2
2
2
2
2
2
2
2
2
2
2
1
1
2
1
2
2
2
1
2
1
1
2
1
1
2
1
2
2
1
2
1
2
2
1
1
2
1
2
2
1
1
1
2
1
2
2
2
2
2
2
2
2
2
2
2
2
2
2
2
2
2
2
2
2
2
2
2
2
2
2
2
2
2
2
2
2
2
2
2
2
2
2
2
2
2
2
2
2
2
2
2
2
2
2
2
2
2
2
2
2
2
2
2
2
2
2
2
2
2
2
2
2
2
2
2
2
2
2
2
2
2
2
2
2
2
2
2
2
2
2
2
2
2
2
2
2
2
2
2
2
2
2
2
2
2
2
2
2
2
2
2
2
2
2
2
2
2
2
2
2
2
2
2
2
2
2
2
2
2
2
2
2
2
2
2
2
2
2
2
2
2
2
2
2
2
2
2
2
2
2
2
2
2
2
2
2
2
2
2
2
2
2
2
2
2
2
2
2
2
2
2
2
2
2
2
2
2
2
2
2
2
2
2
2
2
2
2
2
2
2
2
2
2
2
2
2
1
2
1
2
2
2
2
2
2
2
2
2
2
1
2
1
1
1
1
1
1
1
1
1
1
1
1
1
1
1
1
1
1
1
1
1
1
1
1
1
1
1
1
1
1
1
1
1
1
1
1
1
1
1
1
1
1
1
1
1
1
1
1
1
1
1
1
1
1
1
1
1
1
1
1
1
1
1
1
1
1
1
1
1
1
1
1
1
1
1
1
1
1
1
1
1
1
1
1
1
2
1
1
1
2
2
1
2
1
2
1
2
2
1
2
1
1
1
1
2
1
2
2
2
2
2
2
1
1
1
1
2
1
1
1
2
1
2
2
1
1
1
1
2
2
2
2
2
1
1
1
1
1
1
1
2
1
2
1
1
1
2
1
2
1
1
1
1
1
1
1
1
1
2
2
1
1
2
1
1
1
1
1
1
1
2
2
1
1
1
1
1
1
1
1
1
1
1
1
1
2
1
1
1
1
1
1
1
1
1
1
1
1
2
2
1
1
1
1
1
1
2
1
1
1
1
1
1
1
1
1
1
1
1
1
1
1
1
1
2
1
2
1
1
1
2
2
2
2
2
2
2
2
2
2
2
2
1
1
1
1
1
2
2
2
1
2
2
2
2
2
2
2
2
2
2
1
1
1
2
2
2
2
2
2
2
2
2
2
2
2
2
2
2
2
2
2
2
2
2
2
2
1
1
1
1
2
2
1
1
1
1
2
1
2
1
2
1
1
1
1
1
1
1
2
1
2
1
2
2
2
1
1
1
1
1
1
1
2
2
1
1
2
1
1
1
1
1
2
1
2
1
2
2
1
1
2
2
1
2
1
1
1
1
2
1
1
1
2
2
2
2
2
2
2
2
2
2
2
2
2
2
2
2
2
1
1
1
1
1
1
2
2
1
1
1
1
1
2
1
1
1
1
1
1
1
1
1
2
2
1
2
2
2
1
1
2
1
2
1
1
2
2
2
2
2
2
1
2
2
1
2
2
2
2
2
2
2
2
2
2
2
2
2
2
2
2
1
1
2
2
1
2
1
2
2
1
1
2
2
2
1
2
1
2
2
2
2
2
2
2
2
1
2
2
2
2
2
2
2
2
2
2
2
2
2
2
2
2
2
2
2
2
2
2
2
2
2
2
2
2
2
2
2
2
2
2
2
2
2
2
2
2
2
2
2
2
2
2
2
2
2
2
2
2
2
2
2
1
1
2
2
2
2
1
2
2
2
2
2
2
2
2
2
2
2
2
2
2
2
2
2
2
2
2
2
1
2
2
2
2
2
2
2
2
2
2
2
2
2
2
2
2
1
2
2
2
2
2
2
2
2
2
2
2
1
1
1
2
2
2
2
2
2
2
2
2
2
2
2
2
2
2
1
1
1
1
2
2
2
2
2
2
2
2
2
2
1
1
2
2
2
2
1
1
2
1
2
2
2
2
2
2
2
2
2
2
2
2
2
2
2
2
2
2
2
2
2
2
2
2
2
2
2
2
2
2
2
2
2
2
2
2
2
2
2
2
1
1
2
2
1
1
2
2
2
2
2
2
2
2
2
2
2
2
2
2
2
2
2
2
2
2
2
1
1
1
1
1
1
1
1
1
1
1
1
1
1
1
1
1
1
1
1
1
1
1
2
2
2
2
2
1
1
2
1
2
2
2
2
2
2
2
2
2
2
2
2
2
2
2
2
1
1
2
2
2
2
2
2
2
2
2
2
2
1
2
2
2
1
2
1
2
2
2
1
2
2
2
2
2
2
2
2
2
2
2
2
2
2
1
2
1
2
2
2
2
2
2
2
2
2
2
2
2
2
2
2
2
2
2
2
2
2
2
2
2
2
2
2
2
2
2
2
2
2
2
2
2
2
2
2
2
2
2
2
2
2
2
2
2
2
2
2
1
1
1
1
1
1
1
1
1
1
1
1
1
1
1
1
1
1
1
1
1
1
1
1
1
2
2
2
2
2
2
2
2
2
2
2
2
2
2
2
2
2
2
2
2
1
1
1
1
1
1
1
1
2
2
2
2
2
2
2
2
2
2
2
2
2
2
2
2
2
2
2
2
2
2
2
2
2
2
2
2
2
2
2
2
2
1
1
1
1
1
1
1
1
1
1
1
1
1
1
1
1
1
1
1
1
1
1
1
1
1
2
2
2
2
2
2
2
2
2
2
2
2
2
2
2
2
2
2
2
2
2
2
2
2
2
2
2
2
2
2
2
2
2
2
2
2
2
2
2
2
2
2
2
2
2
2
2
2
2
2
2
2
2
2
2
2
2
2
1
1
1
1
1
1
1
1
2
2
2
2
2
2
2
2
2
2
2
2
2
2
2
2
2
2
2
2
2
2
2
2
2
2
2
2
2
2
2
2
2
2
2
2
2
2
2
2
2
2
2
2
2
2
2
2
2
2
2
2
2
2
2
2
2
2
2
2
2
2
2
2
2
2
2
2
2
2
2
1
1
1
1
1
1
1
1
2
2
1
2
2
2
2
2
2
2
2
2
2
2
2
2
2
1
2
2
1
2
2
1
1
2
2
2
1
1
2
2
2
1
1
2
2
2
2
2
2
2
2
1
2
2
2
2
2
2
2
2
2
2
2
2
2
2
2
2
2
2
2
2
2
2
2
2
2
2
2
2
2
2
2
2
2
2
2
2
2
2
2
2
2
2
2
2
2
2
2
2
2
2
2
2
2
2
1
1
2
1
2
2
2
2
2
2
2
2
2
2
2
2
2
2
2
2
2
2
2
2
2
2
2
2
2
2
2
1
2
2
2
2
2
2
2
2
2
2
2
2
2
2
2
1
2
2
2
2
2
2
2
2
2
2
2
1
1
1
2
2
2
2
2
2
2
2
2
2
2
2
2
2
1
2
1
1
2
1
2
2
2
2
2
2
2
2
1
2
1
2
2
2
2
1
2
1
1
2
2
2
2
2
2
2
2
2
2
2
2
2
2
2
2
2
2
2
2
2
2
2
2
2
2
2
2
2
2
2
2
2
2
2
2
2
2
2
1
2
1
2
1
2
1
2
2
2
2
2
2
2
2
2
2
2
2
2
2
2
2
2
2
2
2
2
1
1
1
2
2
2
1
2
1
2
2
2
1
1
2
1
1
1
1
2
2
1
2
2
2
2
2
1
1
1
1
2
1
1
1
2
2
2
1
1
1
1
2
1
2
2
2
2
1
1
1
1
1
1
1
2
1
2
1
1
1
2
2
1
1
1
1
1
1
1
1
1
1
1
2
1
2
1
1
1
2
1
1
1
1
1
2
1
2
1
1
1
1
1
1
1
1
1
1
1
2
1
1
1
1
1
1
1
1
1
1
1
1
1
2
1
2
1
1
1
1
2
1
1
1
1
1
1
1
1
1
1
1
1
1
1
1
1
1
2
2
1
1
1
1
2
2
2
2
2
2
2
2
2
2
2
2
1
1
1
1
2
1
2
2
2
1
2
2
2
2
2
2
2
2
2
2
1
1
1
2
2
2
2
2
2
2
2
2
2
2
2
2
2
2
2
2
2
2
2
2
2
1
1
1
1
2
2
1
1
1
1
2
2
1
1
1
1
1
2
1
1
1
1
1
1
2
2
1
2
2
2
1
1
1
1
1
2
1
2
1
2
1
1
1
1
1
1
2
2
1
1
2
1
2
1
2
2
1
2
1
1
1
1
2
1
1
1
2
2
2
2
2
2
2
2
2
2
2
2
2
2
2
2
1
1
1
2
1
1
1
2
2
1
1
1
1
1
2
1
1
1
1
1
1
1
1
1
2
1
2
2
2
1
2
1
2
2
1
1
1
2
2
2
2
2
2
1
2
2
2
2
2
2
2
2
2
2
2
2
2
2
2
2
2
2
2
2
2
2
2
2
2
2
2
2
2
2
2
2
2
2
2
2
2
2
2
2
2
2
2</vcount>
          <v>
1 0 2 1
1 2 2 3
1 4 2 5
1 2 2 3
1 6 2 7
1 4 2 5
1 8 39 9
1 10 39 11
1 12 39 13
1 10 39 11
1 14 39 15
1 12 39 13
1 2 2 3
1 16 2 17
1 6 2 7
1 16 2 17
1 18 2 19
1 6 2 7
1 0 2 1
1 20 2 21
1 22 2 23
1 24 44 25
1 26
1 27 44 28
1 26
1 29 44 30
1 27 44 28
1 31 2 32
1 33 2 34
1 26
1 33 2 34
1 35 2 36
1 26
1 37 2 38
1 31 2 32
1 39 2 40
1 31 2 32
1 26
1 39 2 40
1 41 44 42
1 43 44 44
1 24 44 25
1 43 44 44
1 26
1 24 44 25
6 26
6 26
6 26
6 26
6 26
6 26
6 26
6 26
6 26
6 26
6 26
6 26
6 26
6 26
6 26
6 26
6 26
6 26
6 26
6 26
6 26
6 26
6 26
6 26
6 26
6 26
6 26
6 26
6 26
6 26
6 26
6 26
6 26
6 26
6 26
6 26
6 26
6 26
6 26
6 26
6 26
6 26
6 26
6 26
6 26
6 26
6 26
6 26
6 26
6 26
6 26
6 26
6 26
6 26
6 26
6 26
6 26
6 26
6 26
6 26
6 26
6 26
6 26
6 26
6 26
6 26
6 26
6 26
6 26
6 26
6 26
6 26
6 26
6 26
6 26
6 26
6 26
6 26
6 26
6 26
6 26
6 26
6 26
6 26
6 26
6 26
6 26
6 26
6 26
6 26
6 26
6 26
6 26
6 26
6 26
6 26
6 26
6 26
6 26
6 26
6 26
6 26
6 26
6 26
6 26
6 26
6 26
6 26
6 26
6 26
6 26
6 26
6 26
6 26
6 26
6 26
6 26
6 26
6 26
6 26
6 26
6 26
6 26
6 26
6 26
6 26
6 26
6 26
6 26
6 26
6 26
6 26
6 26
6 26
6 26
6 26
6 26
6 26
6 26
6 26
6 26
6 26
6 26
6 26
6 26
6 26
6 26
6 26
6 26
6 26
6 26
6 26
6 26
6 26
6 26
6 26
6 26
6 26
6 26
6 26
6 26
6 26
6 26
6 26
6 26
6 26
6 26
6 26
6 26
6 26
6 26
6 26
6 26
6 26
6 26
6 26
6 26
6 26
6 26
6 26
6 26
6 26
6 26
6 26
6 26
6 26
6 26
6 26
6 26
6 26
6 26
6 26
6 26
6 26
6 26
6 26
6 26
6 26
6 26
6 26
6 26
6 26
6 26
6 26
6 26
6 26
6 26
6 26
6 26
6 26
6 26
6 26
6 26
6 26
6 26
6 26
6 26
6 26
6 26
6 26
6 26
6 26
40 26
40 26
40 26
40 26
40 26
40 26
40 26
40 26
40 26
41 45 40 46
41 26
40 47 41 48
42 26
42 49 41 50
42 26
42 26
42 26
42 26
42 26
42 51 41 52
42 26
40 26
40 26
42 26
40 26
42 26
42 26
40 53 39 54
40 26
40 26
41 55 40 56
40 57 41 58
40 57 41 58
40 57 41 58
40 57 41 58
40 57 41 58
41 26
41 55 40 56
40 57 41 58
40 26
40 59 41 60
40 26
40 59 41 60
40 59 41 60
40 26
41 26
41 45 40 46
41 61 40 62
40 57 41 58
40 57 41 58
40 26
40 57 41 58
40 26
40 26
42 26
42 26
40 26
42 26
40 26
40 26
41 61 40 62
41 55 40 56
41 26
41 26
41 61 40 62
41 26
42 26
42 26
41 63 42 64
40 26
40 26
40 53 39 54
40 53 39 54
40 26
40 65 39 66
40 26
40 67 39 68
40 65 39 66
40 26
40 26
40 26
40 53 39 54
40 26
40 26
42 51 41 52
42 26
42 51 41 52
40 47 41 48
40 47 41 48
40 47 41 48
40 69 39 70
40 71 39 72
40 67 39 68
40 71 39 72
40 65 39 66
40 67 39 68
40 47 41 48
40 47 41 48
40 47 41 48
40 47 41 48
40 26
40 47 41 48
40 26
40 53 39 54
40 71 39 72
40 53 39 54
40 65 39 66
40 71 39 72
42 26
42 26
42 26
42 26
42 26
42 26
42 26
42 26
40 26
40 26
40 26
40 26
40 26
40 26
40 59 41 60
40 26
40 59 41 60
40 26
40 26
40 26
40 26
40 26
40 26
40 26
40 26
40 26
40 26
40 26
40 26
40 26
40 26
40 26
40 26
40 73 39 74
40 26
40 73 39 74
40 75 39 76
40 26
40 26
40 26
40 73 39 74
40 26
40 75 39 76
40 73 39 74
40 69 39 70
40 67 39 68
40 26
40 67 39 68
40 26
40 26
40 26
40 26
40 26
40 26
40 26
40 26
40 26
40 26
40 26
40 26
40 26
40 26
40 26
40 26
40 59 41 60
40 59 41 60
40 26
40 59 41 60
40 26
40 26
40 26
40 26
40 26
40 26
40 26
40 26
40 59 41 60
40 59 41 60
40 26
40 59 41 60
40 26
40 26
40 26
40 26
40 26
40 26
40 26
40 26
40 57 41 58
40 57 41 58
40 57 41 58
40 57 41 58
40 57 41 58
40 57 41 58
41 61 40 62
41 61 40 62
40 47 41 48
41 61 40 62
40 47 41 48
40 47 41 48
40 26
40 26
40 26
40 26
40 26
40 26
40 57 41 58
40 57 41 58
40 57 41 58
40 57 41 58
40 57 41 58
40 57 41 58
40 57 41 58
40 57 41 58
40 26
40 26
40 26
40 26
40 26
40 26
40 26
40 26
40 26
40 26
40 26
40 26
40 26
40 26
40 26
40 26
40 26
40 26
40 47 41 48
40 26
40 47 41 48
40 26
40 26
40 47 41 48
40 26
40 26
40 26
40 47 41 48
40 47 41 48
40 47 41 48
40 47 41 48
40 47 41 48
40 47 41 48
40 47 41 48
40 47 41 48
40 47 41 48
40 47 41 48
40 47 41 48
40 57 41 58
40 26
40 26
40 47 41 48
40 47 41 48
40 47 41 48
40 47 41 48
41 45 40 46
40 47 41 48
41 45 40 46
41 45 40 46
40 47 41 48
40 26
40 26
40 26
40 26
40 47 41 48
40 26
40 57 41 58
40 57 41 58
40 57 41 58
40 57 41 58
40 57 41 58
40 57 41 58
40 57 41 58
40 57 41 58
40 57 41 58
40 26
40 75 39 76
40 69 39 70
40 75 39 76
40 71 39 72
40 69 39 70
40 71 39 72
40 75 39 76
40 26
40 75 39 76
40 26
40 26
42 26
42 26
42 26
42 26
42 26
42 26
42 51 41 52
42 51 41 52
42 26
42 51 41 52
42 26
42 26
42 51 41 52
42 51 41 52
42 51 41 52
40 47 41 48
40 47 41 48
40 47 41 48
40 26
40 47 41 48
40 26
40 47 41 48
40 47 41 48
40 26
40 57 41 58
40 26
40 26
40 47 41 48
40 26
40 26
40 26
40 26
40 26
42 51 41 52
42 26
42 51 41 52
42 26
42 26
42 51 41 52
40 47 41 48
42 51 41 52
40 26
42 51 41 52
42 51 41 52
40 26
42 26
42 26
42 26
42 26
42 26
42 26
40 57 41 58
40 26
40 26
40 26
40 26
40 26
40 57 41 58
40 26
42 26
40 26
42 26
42 26
40 26
40 26
40 26
40 26
40 26
40 26
42 51 41 52
42 26
42 51 41 52
42 26
42 26
42 51 41 52
42 26
42 26
42 26
42 26
42 51 41 52
42 26
40 47 41 48
42 51 41 52
40 47 41 48
42 51 41 52
42 51 41 52
40 47 41 48
40 26
40 26
42 26
40 26
42 51 41 52
42 26
42 26
42 26
42 26
42 26
42 26
42 26
42 26
42 26
42 26
42 26
42 26
42 26
40 57 41 58
40 26
40 57 41 58
40 26
40 26
40 57 41 58
40 26
40 26
40 26
40 26
40 26
40 26
40 57 41 58
40 57 41 58
42 26
40 57 41 58
42 26
42 26
40 26
42 26
40 26
42 26
42 26
40 26
40 57 41 58
40 57 41 58
40 57 41 58
42 51 41 52
42 51 41 52
42 51 41 52
42 51 41 52
40 47 41 48
42 51 41 52
40 47 41 48
40 47 41 48
42 51 41 52
10 77 9 78
9 79 10 80
10 81 9 82
9 79 10 80
9 83 10 84
10 81 9 82
9 79 10 80
10 77 9 78
10 85 9 86
10 77 9 78
10 87 9 88
10 85 9 86
10 89 9 90
10 91 9 92
10 93 11 94
10 91 9 92
10 95 11 96
10 93 11 94
10 77 9 78
10 81 9 82
10 97 9 98
10 81 9 82
10 99 11 100
10 97 9 98
10 101 9 102
10 26
10 91 9 92
10 26
10 95 11 96
10 91 9 92
10 87 9 88
10 77 9 78
10 103 9 104
10 77 9 78
10 97 9 98
10 103 9 104
10 99 11 100
10 93 11 94
11 105 10 106
10 93 11 94
10 107 11 108
11 105 10 106
10 109 11 110
11 111 10 112
10 107 11 108
11 111 10 112
11 113 10 114
10 107 11 108
10 115 11 116
10 117 11 118
10 119 11 120
10 117 11 118
11 121 10 122
10 119 11 120
10 123 11 124
10 125 11 126
10 127 11 128
11 26
11 26
12 129 11 130
11 26
12 131 11 132
12 129 11 130
12 133 11 134
12 131 11 132
11 26
11 26
12 135 11 136
11 137 12 138
11 26
11 26
11 139 12 140
11 26
12 129 11 130
11 139 12 140
10 125 11 126
10 141 11 142
11 111 10 112
10 123 11 124
10 143 11 144
10 125 11 126
10 143 11 144
10 141 11 142
10 125 11 126
11 121 10 122
10 145 11 146
10 119 11 120
11 137 12 138
12 133 11 134
11 26
10 123 11 124
10 119 11 120
10 143 11 144
10 119 11 120
10 145 11 146
10 143 11 144
10 115 11 116
10 123 11 124
10 127 11 128
10 115 11 116
10 119 11 120
10 123 11 124
10 95 11 96
10 109 11 110
10 93 11 94
10 109 11 110
10 107 11 108
10 93 11 94
10 26
10 127 11 128
10 95 11 96
10 127 11 128
10 109 11 110
10 95 11 96
10 103 9 104
10 97 9 98
10 115 11 116
10 97 9 98
10 117 11 118
10 115 11 116
10 89 9 90
10 81 9 82
10 147 9 148
10 81 9 82
9 83 10 84
10 147 9 148
10 147 9 148
10 149 9 150
10 89 9 90
10 149 9 150
10 91 9 92
10 89 9 90
10 101 9 102
10 91 9 92
10 151 9 152
10 91 9 92
10 149 9 150
10 151 9 152
10 85 9 86
10 87 9 88
10 151 9 152
11 137 12 138
12 153 11 154
12 133 11 134
12 153 11 154
12 155 20 156
12 133 11 134
11 137 12 138
12 135 11 136
12 153 11 154
12 135 11 136
12 157 13 158
12 153 11 154
12 129 11 130
12 159 13 160
11 139 12 140
12 159 13 160
13 161 12 162
11 139 12 140
14 163 13 164
14 165 15 166
14 167 15 168
14 165 15 166
14 169 15 170
14 167 15 168
12 171 16 172
16 173 20 174
16 175 17 176
16 173 20 174
16 177 17 178
16 175 17 176
12 179 13 180
12 181 13 182
12 183 20 184
12 159 13 160
13 185 14 186
13 161 12 162
13 185 14 186
14 187 13 188
13 161 12 162
12 159 13 160
12 189 11 190
12 171 16 172
12 189 11 190
16 173 20 174
12 171 16 172
20 191 12 192
16 173 20 174
12 189 11 190
13 185 14 186
13 193 12 194
13 195 14 196
14 197 13 198
14 199 15 200
14 201 13 202
14 199 15 200
14 203 15 204
14 201 13 202
13 205 14 206
12 181 13 182
12 179 13 180
16 207 12 208
12 181 13 182
12 171 16 172
12 181 13 182
16 207 12 208
12 183 20 184
16 207 12 208
16 209 17 210
12 183 20 184
21 211 20 212
21 213 20 214
12 215 20 216
21 213 20 214
12 217 20 218
12 215 20 216
21 213 20 214
21 219 20 220
12 217 20 218
21 219 20 220
20 221 12 222
12 217 20 218
22 223 21 224
22 225 21 226
22 26
16 207 12 208
17 227 18 228
16 209 17 210
22 26
22 223 21 224
21 211 20 212
22 223 21 224
21 213 20 214
21 211 20 212
21 213 20 214
22 223 21 224
21 219 20 220
22 229 21 230
22 26
22 26
22 26
22 26
22 26
12 157 13 158
12 183 20 184
12 153 11 154
13 193 12 194
12 171 16 172
12 181 13 182
14 231 15 232
14 203 15 204
14 199 15 200
14 167 15 168
14 199 15 200
14 163 13 164
14 199 15 200
14 197 13 198
14 163 13 164
12 159 13 160
12 171 16 172
13 193 12 194
13 185 14 186
12 159 13 160
13 193 12 194
12 181 13 182
13 205 14 206
13 195 14 196
13 195 14 196
13 193 12 194
12 181 13 182
14 169 15 170
14 231 15 232
14 167 15 168
14 231 15 232
14 199 15 200
14 167 15 168
16 173 20 174
21 233 12 234
12 183 20 184
21 233 12 234
21 235 22 236
12 183 20 184
16 173 20 174
12 183 20 184
16 209 17 210
17 227 18 228
17 237 18 238
18 239 17 240
17 237 18 238
18 241 19 242
18 239 17 240
18 243 19 244
18 245 19 246
17 247 18 248
18 249 17 250
18 251 19 252
18 253 17 254
17 227 18 228
16 209 17 210
18 249 17 250
22 26
22 26
22 225 21 226
18 239 17 240
18 249 17 250
17 227 18 228
18 251 19 252
18 243 19 244
18 253 17 254
13 195 14 196
14 197 13 198
13 185 14 186
14 197 13 198
14 201 13 202
13 185 14 186
13 195 14 196
13 205 14 206
14 197 13 198
13 205 14 206
14 163 13 164
14 197 13 198
13 205 14 206
14 187 13 188
14 163 13 164
14 187 13 188
14 165 15 166
14 163 13 164
13 205 14 206
12 179 13 180
12 157 13 158
12 157 13 158
12 179 13 180
12 183 20 184
12 155 20 156
20 255 12 256
12 189 11 190
20 255 12 256
20 191 12 192
12 189 11 190
22 257 21 258
21 259 20 260
21 235 22 236
12 131 11 132
12 129 11 130
12 131 11 132
12 129 11 130
12 129 11 130
12 131 11 132
11 139 12 140
11 139 12 140
12 135 11 136
11 139 12 140
12 135 11 136
12 135 11 136
12 133 11 134
12 133 11 134
12 131 11 132
12 133 11 134
12 131 11 132
12 131 11 132
12 129 11 130
11 139 12 140
12 129 11 130
11 139 12 140
11 139 12 140
12 129 11 130
11 137 12 138
11 137 12 138
12 133 11 134
11 137 12 138
12 133 11 134
12 133 11 134
11 261 10 262
11 113 10 114
11 261 10 262
11 113 10 114
11 113 10 114
11 261 10 262
11 121 10 122
11 261 10 262
11 121 10 122
11 261 10 262
11 261 10 262
11 121 10 122
10 143 11 144
10 145 11 146
10 143 11 144
10 145 11 146
10 145 11 146
10 143 11 144
10 141 11 142
10 141 11 142
10 143 11 144
10 141 11 142
10 143 11 144
10 143 11 144
11 111 10 112
11 111 10 112
10 141 11 142
11 111 10 112
10 141 11 142
10 141 11 142
11 113 10 114
11 111 10 112
11 113 10 114
11 111 10 112
11 111 10 112
11 113 10 114
10 141 11 142
10 143 11 144
11 26
12 133 11 134
11 26
10 141 11 142
10 141 11 142
10 141 11 142
10 143 11 144
10 141 11 142
10 143 11 144
10 143 11 144
11 111 10 112
11 111 10 112
10 141 11 142
11 111 10 112
10 141 11 142
10 141 11 142
10 141 11 142
11 111 10 112
10 141 11 142
11 111 10 112
11 111 10 112
10 141 11 142
11 113 10 114
11 111 10 112
11 113 10 114
11 111 10 112
11 111 10 112
11 113 10 114
11 261 10 262
11 261 10 262
11 113 10 114
11 261 10 262
11 113 10 114
11 113 10 114
11 121 10 122
11 261 10 262
11 121 10 122
11 261 10 262
11 261 10 262
11 121 10 122
11 261 10 262
11 261 10 262
11 121 10 122
11 261 10 262
11 121 10 122
11 121 10 122
11 121 10 122
11 121 10 122
10 143 11 144
10 143 11 144
10 145 11 146
10 143 11 144
10 145 11 146
10 145 11 146
10 143 11 144
8 26
8 26
8 26
8 26
8 26
8 26
8 26
8 26
8 26
8 26
8 26
8 26
8 26
8 26
8 26
8 26
8 26
8 26
8 26
8 26
8 26
8 26
8 26
8 26
8 26
8 26
8 26
8 26
8 26
8 26
6 26
6 26
6 26
6 26
6 26
6 26
6 26
6 26
6 26
6 26
6 26
6 26
6 26
6 26
6 26
6 26
6 26
6 26
6 26
6 26
6 26
6 26
6 26
6 26
6 26
6 26
6 26
6 26
6 26
6 26
6 26
6 26
6 26
6 26
6 26
6 26
6 26
6 26
6 26
6 26
6 26
6 26
6 26
6 26
6 26
6 26
6 26
6 26
6 26
6 26
6 26
6 26
6 26
6 26
6 26
6 26
6 26
6 26
6 26
6 26
6 26
6 26
6 26
6 26
6 26
6 26
6 26
6 26
6 26
6 26
6 26
6 26
6 26
6 26
6 26
6 26
6 26
6 26
6 26
6 26
6 26
6 26
6 26
6 26
6 26
6 26
6 26
6 26
6 26
6 26
6 26
6 26
6 26
6 26
6 26
6 26
6 26
6 26
6 26
6 26
6 26
6 26
6 26
6 26
6 26
6 26
6 26
6 26
6 26
6 26
6 26
6 26
6 26
6 26
6 26
6 26
6 26
6 26
6 26
6 26
6 26
6 26
6 26
6 26
6 26
6 26
6 26
6 26
6 26
6 26
6 26
6 26
6 26
6 26
6 26
6 26
6 26
6 26
6 26
6 26
6 26
6 26
6 26
6 26
6 26
6 26
6 26
6 26
6 26
6 26
6 26
6 26
6 26
6 26
6 26
6 26
1 263 39 264
1 265 39 266
1 267 2 268
1 265 39 266
1 269 2 270
1 267 2 268
1 271 39 272
1 273 2 274
1 265 39 266
1 273 2 274
1 269 2 270
1 265 39 266
1 275 39 276
1 263 39 264
1 6 2 7
1 263 39 264
1 267 2 268
1 6 2 7
40 277 39 278
40 279 39 280
39 281 40 282
40 277 39 278
40 26
40 279 39 280
40 277 39 278
40 277 39 278
39 283 40 284
39 285 40 286
39 285 40 286
39 287 40 288
39 285 40 286
39 287 40 288
39 287 40 288
40 289 39 290
39 291 40 292
40 293 39 294
39 291 40 292
39 295 40 296
40 293 39 294
39 287 40 288
39 287 40 288
39 297 40 298
39 285 40 286
39 285 40 286
39 285 40 286
39 285 40 286
39 285 40 286
39 285 40 286
39 295 40 296
39 281 40 282
40 293 39 294
39 281 40 282
40 279 39 280
40 293 39 294
39 291 40 292
39 297 40 298
39 295 40 296
39 281 40 282
39 295 40 296
39 297 40 298
39 285 40 286
39 287 40 288
39 291 40 292
39 291 40 292
39 287 40 288
39 297 40 298
39 283 40 284
39 281 40 282
39 297 40 298
40 277 39 278
39 281 40 282
39 283 40 284
39 299 1 300
39 301 1 302
39 303 1 304
39 301 1 302
39 305 44 306
39 303 1 304
39 26
44 307 39 308
39 305 44 306
1 309 39 310
39 311 1 312
1 313 39 314
39 301 1 302
39 26
39 305 44 306
39 311 1 312
39 315 1 316
39 317 1 318
39 26
39 301 1 302
39 319 1 320
39 301 1 302
39 321 1 322
39 319 1 320
39 299 1 300
1 271 39 272
1 265 39 266
39 26
39 323 44 324
44 307 39 308
39 26
39 301 1 302
39 26
39 311 1 312
44 307 39 308
39 323 44 324
39 301 1 302
39 26
39 26
39 311 1 312
39 325 44 326
39 311 1 312
1 265 39 266
39 321 1 322
39 299 1 300
39 321 1 322
39 301 1 302
39 299 1 300
1 263 39 264
39 317 1 318
1 265 39 266
39 317 1 318
39 321 1 322
1 265 39 266
39 311 1 312
39 317 1 318
1 313 39 314
39 317 1 318
1 263 39 264
1 313 39 314
39 327 40 328
39 329 1 330
39 327 40 328
39 329 1 330
39 329 1 330
39 327 40 328
39 311 1 312
39 325 44 326
39 327 40 328
39 325 44 326
39 26
39 26
39 26
39 26
39 26
39 26
39 26
39 26
39 26
39 26
39 26
39 26
39 26
39 26
39 311 1 312
39 323 44 324
39 325 44 326
39 26
39 26
39 323 44 324
39 26
39 325 44 326
39 323 44 324
1 331 39 332
1 309 39 310
1 313 39 314
1 309 39 310
44 307 39 308
39 311 1 312
39 285 40 286
39 285 40 286
39 285 40 286
39 285 40 286
39 285 40 286
39 287 40 288
40 277 39 278
39 285 40 286
40 277 39 278
39 285 40 286
40 277 39 278
40 277 39 278
39 283 40 284
40 277 39 278
40 277 39 278
39 287 40 288
39 297 40 298
39 297 40 298
39 327 40 328
39 325 44 326
39 327 40 328
39 325 44 326
39 26
39 327 40 328
39 285 40 286
39 285 40 286
40 277 39 278
40 277 39 278
39 26
39 285 40 286
39 26
39 26
39 285 40 286
40 277 39 278
39 283 40 284
39 283 40 284
39 287 40 288
39 329 1 330
39 297 40 298
39 329 1 330
39 327 40 328
39 297 40 298
39 285 40 286
39 26
39 287 40 288
39 26
39 329 1 330
39 287 40 288
39 26
39 26
39 285 40 286
39 26
39 285 40 286
39 285 40 286
39 327 40 328
39 329 1 330
